#
5.288292332025779 8.94013311422666 6.157192091668768 5.557154483326514 9.34792316171758 5.252490496938696 4.808060450236793 8.942047860261995 0.18559451087740975 1.1705397479051114
0.7288823884629831 4.736037666882862 1.041266278454863 9.42733581081902 1.779716621788618 6.5284422217585245 5.090111820804912 1.6629938847415597 9.166123651763453 2.528535098554225
9.506563488709872 3.394402599950414 3.3906201257464987 0.9355985487544904 8.491549904072087 7.250017228513029 8.28652176310693 9.611170278387416 5.788250624583626 0.3567828641754529
7.848221951420005 8.058248418012692 5.852259553922866 5.8897864754171545 9.573713879083217 5.566065533113681 3.5183275968926786 2.891990563911849 3.8845502566393812 0.45905438396359166
8.95841653656876 9.254597557500144 1.0942692882251617 5.814434701242585 0.8360966459349948 4.213644261440179 2.390046228640723 3.4980221319822644 7.411800028444687 5.494514657194846
3.741256408763876 3.9829018306296553 6.908457007296024 3.7188224921861712 4.856088373625206 8.871423774310719 3.456007505163086 2.731454435871321 7.5121543888380184 3.620052302901179
1.8020210836436643 6.764805429013168 3.970769757316627 3.5617931736893467 6.816770392252778 2.784798245652299 6.825204140850158 5.259187889869601 3.0863212089604515 1.0099232851899975
7.848296943050412 4.695186751858607 8.708631989583054 2.8775484514952514 0.2801839617151263 0.9446833696436796 4.763258568410123 2.5015372841040455 8.996284767483893 0.655183463568143
3.3971341563731277 3.435127441721299 3.5330378411531065 0.19100728201237605 2.7835952977495255 4.932929190593522 8.667697263908968 3.5668321760643344 1.1055983006152315 1.3750365095271344
7.240227817299363 3.95915291204796 8.221058020571027 9.597517163946181 6.344364599579564 3.813562832158888 7.2074393507925425 2.5191618362602686 3.1942571277600376 2.298947253951092
#
0.7895870760175363 2.5762093460713995 3.7560371221988547 4.675895130733469 9.548452544770775 5.541002324780217 7.303034815251136 6.109620249424973 0.5395128844048624 3.4749776446784324
6.617045236464367 0.749227449064894 3.082645837667548 4.450702045997768 5.574135657358946 1.827473960788332 2.9474909627804275 1.0943726431681706 5.147028884733335 6.855966909021597
2.2936500151976125 7.369049965478259 0.17342291102358587 2.7221560937520475 5.554935225263455 4.986672396384336 6.012935391735038 8.017499069233308 0.11622429310023374 4.743806964832778
3.253397082468354 8.646565194566866 4.61396080541051 7.088347794240887 7.2020449138134826 1.9487814976598088 9.507733449423158 1.4358662699549143 5.94635640513067 9.522697144833556
8.746365577167916 6.102439772000639 7.26290676016661 2.5163634572099807 4.707201481041778 6.991827658131212 9.810701809907496 8.914546783143782 7.2793745109879815 9.802811525890792
7.278515816020899 3.7248501628811583 0.5060154872145537 1.8268492095584161 7.263422400810155 0.2690300619506809 0.27732961900237196 0.8608836986382684 7.2669431834055445 2.1119286939413118
6.202369653119792 4.416009120774923 4.876001027977559 8.620811670918673 9.913249635152344 5.575229997170444 9.340539445772428 6.530015609967526 8.915169134844367 1.2137638504532542
6.251769192191253 0.394829349463067 1.1577019179257797 3.8141106808940206 1.635531405239722 2.8677442189812994 5.672704620408524 6.748173272399738 7.783555479588349 9.647513475873861
1.9947833469940308 4.40387697600617 8.745254373805423 1.5811985076244914 9.291661657961473 4.71163114357312 3.76596194201055 9.70582197407629 7.355700429530279 2.6028669275466507
3.2127970692382184 1.442769019723117 6.040176911696367 9.915643814524088 3.7702207769547167 4.682663536824441 8.058037026624204 0.8421001046644756 6.383545405309076 9.42726231514878
#
9.621067760621912 4.60993987192864 0.8874248464678933 3.6550455542293014 4.324726666224824 4.847955502033689 2.693390709008879 5.414149579350871 5.3399658158398156 4.794648676352726
7.867684245695752 1.7803123389441313 9.27131927579672 2.1208594585933858 4.668619679431109 6.7735794405507805 8.67521427705074 9.30450998271222 8.90728540861916 2.9806959654508844
2.3181621961687133 3.4025678064098037 8.82729896313448 7.563063768929118 9.961190140529347 2.409265852360815 6.510650437851588 1.8492628419304409 8.09546848557551 4.807528367861529
4.935759208394624 3.7331281149487774 4.470004537613132 5.966921713020867 1.8935221811857819 0.6447146582404883 3.891559065143009 7.972969767945578 1.7265793882023024 5.951472250069834
5.298397494561131 8.225701245822874 6.0049720937979805 1.1260072149746132 0.7325009778101226 8.693829560522882 1.1187701630566194 2.898572187043859 3.6633215378069597 6.064827795143898
0.5180182348862328 4.673123406973463 0.6274569044535641 6.1887759183856605 6.9920326161994675 1.681830160024536 7.899673987028579 1.7361585743693069 9.693577625379799 2.273169684299074
9.914884602060749 7.487364837489409 0.6945035779952304 4.900328173197416 4.967722222981444 7.719809396674346 4.992812208771429 5.427827696380631 5.367832259907813 8.927942101465991
8.5629306577409 5.907895580366695 6.608295019683031 1.4366156653237097 6.153314625146639 8.846910701295574 1.5473490987898195 5.177054105356115 4.855949592777981 4.885561578030596
3.647296505909715 5.915439110497347 7.323839910112749 7.335652829889593 6.991530925557374 1.8771853303367232 0.595046570115966 2.69650827386568 5.647416407218532 9.932883128124029
3.099382176727378 3.833636033694175 0.966174250449094 6.09220277826353 0.4081474402821961 2.2718272986174157 0.2139632679438126 8.988505850671443 2.145291583797729 5.750980030908478
#
5.413218179336567 3.875065620226102 3.7190073988561068 5.284073786585143 5.1560200041174005 1.6319974886211557 2.8335114109989976 6.633055864270556 6.5253160407243564 8.060434301642337
9.584576463078749 0.8971090149244079 2.3344180784617587 0.26400767648918677 6.345150566449191 8.10428929600266 0.4219714629864253 3.3158977174586375 3.2689770051322355 0.45348450474056445
1.4080211750133937 0.7057686651721049 1.7802976352000366 2.8026533347211435 8.507926004859137 9.733007859993496 1.450968900649102 9.489876195937367 5.7820781822856695 9.419471845559187
8.03132096209594 2.5921388439699395 5.444051428207674 2.893183510318208 2.2555052875088304 3.875173822633264 5.9823750714614 6.684478582286853 6.382796498605235 7.223740946309115
8.842754287759949 7.325028417044093 5.18968589621123 2.9612742119262165 4.602508354408784 8.53348110748536 1.1420367347523652 1.2957477554319765 2.75474695291015 0.9782948654909367
7.571367818471362 3.1630208155869086 0.8740046315882362 9.902485362708681 1.5789093335924922 9.218015886905608 1.5648553364013447 9.326162761444264 4.852361171576744 8.374163336428852
2.3754127808440035 2.4228729354852976 6.6515847208913375 5.023236039391075 9.84163110679752 5.90758305607773 4.532423309698333 5.680364519644147 2.9299128729803283 5.430925251329533
3.7446233886747207 2.7016455463021165 6.927099337912421 4.242867121867106 1.2289169381090708 6.253757844190988 1.2026118131476942 5.602055654034963 8.321984185807404 6.330286706211112
7.386883843722028 3.046262484368929 0.4646323607337264 3.3415295450928455 3.605702329183859 0.783580484761293 3.8858693731100926 9.696033477956902 0.5030771033496304 2.631120799943134
9.977643858368426 8.337680735738873 7.0819865935789394 8.417617906738915 1.8526109898003305 5.842371370152657 2.746119414082756 8.4488147960973 5.451976690954058 0.6742631516243005
#
9.603023260867461 7.622734641975894 6.410949440943298 6.43884656026234 9.955771938759316 1.211420234074215 0.16060552429654695 2.3984816414649783 1.775848889380192 6.68874677332089
1.4693149020707499 4.161216615469012 2.9943574194666827 3.6072205074730377 7.768687816061705 2.4554105001979996 5.89745291630911 0.15661952113886723 4.277948957548465 0.21374567834747538
7.406800368208625 4.9301099764369685 2.737597475291136 5.385047119514795 6.74055100036565 9.928033464978924 6.666672613266081 1.0817596889640573 9.045384807953468 0.5085543575134484
0.6751274316630154 7.495492278445859 4.098093068657464 1.832558853873647 9.880658605422513 5.400068216922243 6.166418846677155 9.0143883956979 8.30409639537197 0.31014225137423246
2.8124659390799853 3.947766582946704 1.33218110468755 6.850750936172146 2.4463507095576147 2.1605953623565366 4.582837130509511 6.109245182936835 8.649891951819857 5.393988282127303
0.9810587798317565 3.226851269271423 7.374402794480417 1.0374544036778275 6.180979870639504 7.755140663544913 7.875897719344566 4.738045653418649 6.63049171939038 3.887324144816334
5.206044458075437 7.121684625808076 3.829181292508538 7.004072228109947 4.169654752830894 2.1823601006838396 1.6990187515851614 6.456714564377142 3.0523468171484645 5.841612657879389
3.789789510294746 2.5970177739968094 8.881831547229512 5.261569622115132 5.310674261106335 8.52578671818501 4.940086117594057 9.262098006743962 2.9837366900485325 5.8799251613044
6.719267306586091 8.393455460049086 7.86965665419578 5.389242605501609 7.506725590875542 6.370795392110198 3.928391455434819 8.737155109454681 1.4609568227806489 4.193357086890227
6.913141176678041 4.998651637427661 9.056247465709749 5.005102941453248 4.967170660853658 5.668177204140969 5.201758075796943 0.4815491508533123 2.9041300063846003 7.517929509647175
#
1.1242402370726312 2.2205654458772774 6.802801579505392 8.69868905920272 7.282628696885107 0.5906258049748425 9.302044882381345 4.448803561902326 8.872596201399015 0.833328946745798
6.289814008641945 4.199765021901057 9.077205715544338 4.5824304460157705 5.5768643255873735 2.62549820253055 7.074201460118452 7.398743887396702 1.6850123277714033 3.989304666928785
9.725197401241212 3.3535417963758904 3.9935784361193836 2.1079698047735653 4.974406189151202 4.565647815171547 0.9412756323095586 2.1809765795550717 2.0069315024551306 2.9108677625797843
2.0414164039286353 8.566849040732917 5.749807746731632 1.4924247921077587 7.1903853080562286 4.731920489455089 8.42488500924662 5.3702758566756446 5.168955253604556 5.338835773521297
3.6582757794084664 1.0131524661935751 0.7002500173985604 3.7349527599254975 8.327908460068961 4.502923652844719 2.536788087218717 8.680271885574394 8.246504992245814 8.773578215186387
1.8323897227836743 8.365770412100426 3.3266328751520793 6.830691126822655 2.0564033385846767 7.185168376317054 1.1016373161812396 7.73209492461339 4.448360635526097 7.948497786582098
4.850876644323784 2.1590756558368622 4.850103477248946 8.904361783818892 4.4409062936648045 2.344393064802138 0.22028977339395528 8.342516967512788 6.813570793919165 4.072849374688894
9.965656987697738 2.310553463841917 6.120309451867433 1.7880910137291273 5.770012933905239 9.62838294591717 5.723698779259273 9.415847814051865 8.802166023233944 7.516587861572995
6.6209443218007085 3.352804820473027 5.526134594407895 1.4012401811897846 3.2485898225332117 3.5697161844278953 8.079750060972234 9.292222009143378 7.587024779626407 7.797221815643651
5.96183124869406 2.949372938298474 7.279331236479182 6.399157727381484 4.163078152344813 1.0202797436784667 8.871234965236214 9.95927160042554 3.9058307072510545 3.379759475665576
#
7.027983438777268 1.6287880040422982 6.720383193756077 5.026972705865505 7.404833328108031 2.106770097733654 3.0900354429474177 0.5643746313905282 1.4318200480616228 9.89575591842778
5.357641484194351 6.885139100424745 5.510151290348766 0.3546643886493195 6.3053848103283405 6.624327614361962 1.1802519362257446 1.488147855815046 1.3795162187259447 4.773785116878288
4.11475052290241 4.831289272564764 7.6424466348235605 3.466798847801238 1.0294801753199376 9.478712391487488 3.9170990422058614 8.856923259516927 1.245632301456209 9.711426938060072
4.502015367604796 7.31815062606897 9.414618526647011 8.415491451221865 2.794514327157408 2.1570501119380463 4.401735120627968 3.9412954672452285 8.697914041194114 0.7929495012021963
2.0274787896725996 9.886320335216894 7.072496349043794 9.442940606990117 3.046846697152789 5.312770147403415 6.907093392349103 3.205000143278157 2.4953596416733594 3.4594926567071793
4.257621223807247 4.908540185461412 6.50012330621251 2.8391367029839043 8.732831613994863 4.411024431665666 1.949272677395323 7.445458283996084 1.5783781132959707 7.529775123875536
9.309030045955216 8.21693143634287 7.729002313939622 0.2587815384866623 7.74914523321184 0.13341036757533598 4.2153904872167365 7.83864038646888 4.582531537425828 2.217508950309713
4.393129479522614 8.610014867680151 6.521238996058525 2.3707525514347365 1.194632829526586 9.863242044745302 4.792352395933669 5.715298269098927 7.775508481642582 9.696079373277277
9.788958229389731 7.626436152233843 9.224417227244569 4.700073800177796 5.671290477044249 2.4703507235553928 9.222722338948568 1.099507377773874 7.727076079667796 6.408369935387366
2.117432654105926 6.658592307732579 4.714517576821269 9.463260704188901 4.564313815164918 6.1958322910465835 5.1132189102385235 8.632412920399199 6.927899999306048 9.588613976593738
#
8.73188860357783 3.68692163485962 7.743017483012056 3.782295051806675 2.3768530977486755 5.537276680927555 3.1629058755964286 3.5760597216957386 4.357296729462057 2.1939451804254073
1.1998594584990894 0.14343737368319065 9.475093998067337 2.4115526383886 2.9529395447585123 6.3244241166800315 5.68773708849627 1.8756614401996274 5.0893345945839155 1.8779320933688268
7.553378141392809 6.607736065345289 5.431761267171651 4.826808549155669 6.377175226581091 3.4506105280482697 1.5503384859069103 5.231092188176953 1.8975311054958799 0.4844517400102806
8.080632928719426 4.117174981061177 8.849952587625001 9.973116225428674 6.105601625576522 6.606552341337444 9.254595176411 2.405841355201751 4.3691654123643335 8.073078797786282
0.8393318983701361 2.1850444571429497 1.4895004642753626 3.388643466783371 6.481016017806487 0.6357343171457135 4.084895281618204 6.281213722105886 0.658110988467957 0.6370314644386594
6.807940838871976 0.8031418558566692 9.481863416063568 4.970952464295773 1.4521297588250897 8.35164468949699 0.479089453497223 8.14857528132819 7.256458736189282 3.9252529724909113
4.1057121021337135 3.268195818881084 5.577354313625803 7.456413377799656 5.0446392878179065 9.177184924163665 4.369976646900171 1.0735685233314443 0.17202374570118728 1.5428697030741878
3.5887481907705654 5.243206722567138 7.379954724486441 9.230977994525102 0.39977071565803346 7.144221277277502 5.3047113108576065 3.271458060834896 3.885876532512688 2.544849371699348
2.5691959229109798 7.10152093827527 6.887000215481268 9.739781251850022 4.6557130306739625 0.5298398054157936 6.929639688036321 7.974998407490784 9.908803775221763 7.132728230204137
9.462816574590471 1.6666015090925153 2.0062588274842725 3.658759253450846 5.441761929167379 2.685271015235984 3.950142363621886 5.905101421814202 8.868147944244125 8.858236258455607
#
5.346218408410488 0.3207841662622011 7.784092347192134 5.333048839467356 9.385796145590906 3.514334865371774 7.20100924376189 1.950256217038318 7.35062038621414 3.589428098904767
9.58890308415026 3.551832556864673 3.2870929951865904 7.388802307760065 8.379250857240812 3.903839796328414 1.992535303799094 4.550597725180117 0.8580405191537084 5.903219144338094
4.146354654570192 0.8769864997190853 7.8570318337313445 8.958086782230085 2.2003201213316803 1.1738124454449421 9.710241775717643 2.932432869747847 1.997693321445885 2.2517865333710296
4.389180066305953 2.929295460944831 5.648471925826387 9.825143719482035 2.559983518978111 9.724455789936346 1.4725550849508853 7.534502609256772 0.3658362422408148 7.926618910412448
6.508965562577119 6.437980666707265 4.730322714098804 5.971776355016459 3.432685917169481 7.325085899716962 8.066415975595921 8.959669457378254 4.977171226038404 4.338486072208846
0.7621114578824741 8.869004477099285 7.628814940964528 3.053740339773646 1.8672566473058554 0.11412620781085536 0.6782050988702579 8.163858655820102 8.454626006657403 0.18405223126384662
9.922909591643352 0.17735403387978455 7.729821652937639 2.8410482265965658 4.917133725194058 3.8947245445206584 2.1348659999633357 3.1662181688277555 5.574924148229166 3.9698356488998594
4.420310232152769 9.988882882646024 7.344842909671097 6.106484479493574 3.6872204603946814 2.7102589161508384 1.962755805582915 8.83244913448171 5.489089494254228 3.6099889742350175
9.613663827316756 2.718393385123553 6.886402746507992 6.610308275502247 0.39178415773012265 0.5309423626356153 5.7887759048349166 8.864470802693273 2.1477829245146784 4.963948325769498
7.7166488246914575 0.8367467478119641 0.9680625624763923 8.959536791758039 6.242727830212733 1.6471688458922245 6.8325162258889796 0.24815869536207913 1.3554374651297545 0.3447079323918336
#
4.610426022103155 7.959699001561315 5.302288908779688 6.683567637049958 8.40908443591536 2.826305211818848 8.235259891926605 5.740705744198222 8.42970375741825 6.709336210195752
3.600903235946526 4.592209424693651 3.38373125913407 3.3350686037645367 4.556796947239618 6.9346558614598255 9.545392628548527 1.3408817542462796 2.8464474580242407 9.077579083230248
5.988029932286132 9.086766590605668 0.38345017284933647 2.581968629064962 6.882282282116888 8.40432956224641 7.568400575713813 6.99698879677965 5.870303724058974 5.1371569744281365
8.645482089439287 2.461939395920359 2.031582070114459 7.484146162782364 6.038753084928904 6.868384798317772 8.434041076103235 9.75547369883989 8.188523019044316 8.222857052128031
5.504172154225914 8.635656865077479 1.1588447392938757 7.370090787257089 9.747539045428283 1.871933887787613 5.749387292028262 0.7019888233048812 1.8878387565114156 8.165046614155884
3.9681639353088483 6.843116376058458 1.9991342630118907 6.979413528328159 8.997147712914074 4.408756484593907 1.867107247215953 1.8771554410986493 1.5170110334798248 6.581379752729875
9.683432691971174 1.9559828632059464 5.925533181260231 2.1129564139672916 1.1943534722189306 4.67173256278544 3.538545383324042 8.029399478477286 7.208590903589174 6.21499794725445
5.485602355779987 0.34234544709146597 8.637327684319422 1.8125757418718593 8.970708472472781 9.619986411922142 4.82752688663954 6.580514758133915 7.661579340722314 4.187284961514473
1.9595868087395991 2.1995503311160833 8.626695406734175 4.992541562147099 0.2367417417202935 6.995990016322115 9.816100338303041 6.8456221462217215 1.4499716991325768 4.085000469054794
7.169353710072896 9.763396186338131 5.911246980624564 9.78656032740524 8.25751375851862 8.154021449946804 8.314422980757529 8.359411869130426 6.7034452389118835 2.2540586363999306
#
3.400363111484414 4.71708804668558 5.615834115647207 0.2710596673006789 1.9789571925133829 6.103476004477934 9.58202137233038 9.599049425928166 3.7561154976035738 2.5760854303199063
7.762985607751874 0.42964278361286024 1.4507132966073022 8.060076412188373 8.513661843459975 6.712819282608763 9.485690471724535 9.990070382282155 1.8559596032849415 5.40625703410624
5.272492358000598 7.082452858316818 0.6311530601422186 1.531285457751081 0.46553220728308187 1.41159428624939 6.753680793825462 5.5597738219913495 5.88725680446654 5.702472259279451
9.964862967076446 9.257767840546503 6.609045000527763 8.186409082109204 8.185891735748363 6.227380599658327 7.209659676081422 2.4018146845167068 8.584620609584874 0.526826840214623
1.6035906525686356 4.807151770837873 1.27477991900518 2.2859553331592943 7.6287316535550005 8.172450549766062 7.984618417926742 8.500600414688373 0.37242191068884445 3.3954577866349034
9.44542702878719 4.932422064706316 2.220425729190564 3.750899819797114 8.898866605793328 0.47271849336631533 7.318125644225656 5.960555351411587 9.2926669662452 4.199173165659693
1.4019324419442403 3.08879182751728 2.208198165674274 8.911814076514405 7.8953373414104195 8.009060648353552 8.849961139261714 2.9060539771234737 6.993797300603194 0.19607071072004434
4.763378779989057 4.6519632025160735 4.895061194790774 1.6008952066420794 2.6393198833310323 7.725397683814028 0.8471119999646 4.871426266529929 8.150390457268895 4.178845473408896
0.3472978105529432 4.017592215716744 7.147808220958758 5.076488597906774 2.0233135755577387 9.663223825980264 2.9074412001197785 9.734039438628601 2.809071985785633 8.964500767927268
0.884111054971374 5.5101589914318545 2.159710406258169 0.6370845975324242 7.794807700124757 8.806309397252349 6.866712796598839 7.017689195174651 4.268334891767784 7.445453602493613
#
3.2953525001521573 8.851532639656572 5.7291621502673165 0.7228467815725237 1.8336936076599386 1.4268113221686356 1.4950186349090693 6.593105842276268 0.8069183116445586 3.8657757191024196
4.607081977174869 2.5517137820137927 5.33671178668428 3.5363189981287153 8.02192711824829 2.8890245635618976 3.541302424085164 0.10890953884434573 9.914579506862111 2.03363194122995
3.64750093151757 0.12931920694637 0.2714437464302035 4.389451487418136 8.506163284335324 3.9170487765611726 2.4022091431664787 7.8950233280763555 7.0221952185202845 4.31549324278382
2.10475225722295 5.73813792511079 8.993515367187447 1.0630769190176097 4.359055591376744 0.5299531849054508 3.0775536192179547 1.9242213722025556 4.473416027525303 5.956370733609975
0.5977322704037027 4.066346428919664 5.155928556925135 6.564970620957895 8.217420470101624 3.2244683407187615 4.233712972789935 3.9408682818736107 8.882128425019824 7.8776683714538045
4.830939402287113 9.145113006442578 3.3345876191474 2.2871156196894855 1.5327678874327724 2.4764014283489435 6.467207005414462 1.9081733868825648 2.456869550027621 0.7103744153539582
7.88988535952286 0.26476293583744237 7.328168425913473 2.2154141197133375 5.8058397393105174 5.0852266948752165 2.08192620315401 8.863392962239075 1.6472331099438553 4.310888972426971
9.448941610869706 5.33916192971849 4.933362256079763 3.385302494451241 2.70157141675045 7.087535736811705 8.853821228212635 3.7316309308124778 8.15140789458561 4.321861264009927
2.59930879435253 2.6264594295472974 2.230626716157567 4.319239864654196 5.3238473498201575 2.6486789328508724 2.990425369991088 9.785634240469811 5.4579544094875345 5.142791253699174
9.305423484220036 2.288251595138165 8.784435850296736 7.551429451583286 4.977023121371638 8.058144901718046 9.28716639907499 8.636717634528576 7.306105376071321 7.571152582303889
#
7.158800089105219 5.881358763675987 7.9794455766746415 5.621235440036104 5.653678796138539 6.962622982033674 8.32589518811458 7.734472408700844 0.5045467747269532 0.4554984889471658
6.148184880916538 2.6441301812869797 8.101452162594407 6.791895455923372 4.277539751359154 6.302670168167136 4.505852032908204 2.098871499497646 6.177515240718497 1.0538611820209445
1.708383570578504 0.897454664704262 0.28715254525587675 1.0988884121526232 2.3234762177973693 7.7496896843425205 2.4489511516408413 6.374616288748713 5.837113722480627 4.941627396827477
6.457842068864927 0.5129107295216313 9.471230970211614 7.458146531788667 2.747336925123198 6.446607679989331 4.2208846395069 8.870038676545963 7.219943694600357 8.490141573976759
8.41570984527136 7.012936444432227 7.504595398915605 7.360341029360504 0.7598104706056903 7.778745368339295 1.6891491071179385 5.905052322511341 3.8456679468265893 9.681171814406099
5.281663186226893 9.308793506761731 2.2445949226838056 3.4952598634281333 0.7860007039820776 8.742283055766551 6.086374817098578 7.6190779736426375 6.641602257055138 8.979519451975245
8.782003545838409 0.4777047498914655 0.17507346680505886 5.94281154426113 6.276645509229658 6.069081556731621 0.1773143252421434 3.0723211447061782 7.836561170100831 1.688159251710902
8.290659630424496 0.9916248294854588 9.053893103311744 3.4548181223228616 8.809541023885725 4.554522117368067 2.5533262034885875 5.8581229502121275 2.616705870667171 5.556713205041995
2.2381890552789407 2.9661461969176646 8.915158962776223 5.503654916201172 4.826582347992011 4.498132253775403 7.980660821877108 1.9941401763223432 3.96528573790921 0.5332175958862564
9.496799172285666 0.27165647012220084 0.4826114946353739 7.038281762271254 1.2547065999137015 4.3803488002927855 7.204694289237889 2.4726125162147476 3.725885630090694 1.4198431558371154
#
8.499334883096008 2.7109673397291836 7.194074043874647 1.9545033885642193 1.5197956238802974 3.064704916443374 8.292549076523294 0.7002478691167768 0.6751315691799693 9.52725070237118
4.073942492838004 3.6055632094981993 6.567460004710001 0.6488899130371601 6.83119424657924 3.8316306518348 6.7400525528914415 3.237923792490718 2.739149915447726 9.064554147588684
4.720478784472327 6.008193564498376 9.161760279399287 7.315658358732625 5.6389939578457255 8.045530771952013 6.268190904780801 5.972212006738924 2.6997375493752154 6.288252518963593
0.4954577102897355 2.9946909724838773 2.1233514885123235 7.879193022248613 1.029093830352438 4.505588020141141 2.3402314280835514 1.4085038768729432 8.242076977806184 4.018652208374965
9.421353908668122 3.824774783936975 4.366380289503462 0.9631747604145602 1.8536849324600033 6.3468858249245415 6.586192738343075 3.0443424967104433 8.061040142460502 6.342925112483307
1.9557876807418153 0.46532700718737363 7.869331532954083 7.33551997525746 1.028986383992942 8.706178469689604 2.5197605845215167 8.618545881348789 9.719678197957034 7.268135652672065
0.7672987447160518 9.527984324465036 9.226753781031992 0.879709654331605 0.48624055570369507 4.87346828443079 4.403404178832053 2.0494284323648144 4.3596200800756035 9.423265669698191
3.509958621757095 0.4246398202783048 0.3205270385999519 4.968006160370541 6.2742377878456 9.058565429483671 6.722075551136414 2.5468389341833158 7.133426244296931 0.7557997253271278
3.6179095139885105 9.767587378066402 9.808513063438822 8.20201448680647 9.497506335016226 3.4392471016592454 0.23412369386854603 5.392429002966366 3.6714393921712034 0.7301812022878273
5.7695551677885355 3.681307722775104 8.244675126391154 4.170105866650144 1.0819398196255645 4.570748997857037 3.1328902692261362 6.731353558339494 9.930002591125668 9.359673398688825
#
2.7352528078214386 6.6275148139748525 0.955237068982151 7.202987804369299 7.598406616237109 9.134648894142511 7.456481200807374 6.212896556561556 6.0457984026977325 3.4960590035063346
9.870061348057366 8.395753388559854 7.8627694034047355 6.1031815999777015 1.7722892602259033 8.269528047442327 5.995375696021452 7.431342429197706 1.693621871281327 6.861186152699214
0.6038258555470559 6.544334931484036 1.9875885968649731 9.209158094683467 0.3817004918427438 2.839616023374166 1.2817560883778505 8.199752742552606 1.5754571023922077 4.998077589796874
7.677507983457183 8.519716254731108 3.343888648923926 5.565371857074874 5.975033479818384 7.839922246846818 2.9329715882854 5.754751058366324 6.368422543424746 3.4209664822255643
4.214426588677901 4.054114082479876 2.6945522148964347 6.319742939218353 2.5498027862514836 6.1213183029720835 8.107119279228412 6.437483106667056 4.647672131820039 8.069872003169701
4.480868831936006 9.217688481385746 1.3159643017607654 2.945095149147113 0.584138821492469 9.140209516391673 3.766434679254059 5.788494553682043 4.755697900430694 4.910881678913925
0.739581892054896 6.3051987050462515 8.902213651862045 3.326896295528136 8.503572352778534 8.541327626023286 6.781098673430062 7.612445591590937 4.045163473881586 1.4144773403332747
8.544489103880359 3.93994999283225 4.722269513335141 7.5768625562374625 1.8437480066655545 4.205454603292852 4.257210971137325 3.5998018197132744 7.791932252618002 3.2417725960472064
1.7784504978052453 8.370693976599885 7.693496280196937 7.102560591407251 3.232428927948332 7.2876128350937766 4.444463232856817 4.649183030845407 7.539696193414204 7.547192053356485
3.2475897743128215 2.0644416857777257 3.6291960563229386 5.3473154059139345 7.879539428076134 0.25815607961457054 6.128017894895286 9.322171926957594 9.857096077945805 1.3211920601947211
#
6.67091830035693 2.5584241983267533 5.9513467254120265 9.447603657747992 9.193302747081802 3.3903375183558877 8.344821847974048 2.298453997389519 4.098479614161998 8.699506376695238
1.685196605169958 8.887178148058517 9.659463945615446 7.955532591139323 5.678716008418406 4.077076324244746 4.399789549515067 2.0234096950323806 4.688557354812175 9.608998245643217
5.779760727921911 6.039340741417683 4.320833131384764 0.8008800770274549 1.487638118336358 1.4061514645247137 7.313308986710224 8.475016250327466 6.121682888518945 3.2924617495952315
7.716549222326499 6.219129028583208 8.490403459207249 3.1450599213352097 3.0632486487769635 8.150337614608077 8.918394136840568 3.4265719417893727 7.3894583427671945 5.910963089335934
7.722714908600951 8.696571431925188 8.680220552703883 5.377796608565328 2.209766826280338 3.4374078313092253 4.80318406726075 4.232422948019211 1.0425541549438035 6.020204541103496
7.898803008591943 4.884814524565547 7.294728377704678 9.444440633220236 3.7372721804741937 1.4384262012523656 0.30162055922011355 1.8518189445840703 4.661186610630524 8.496790227188447
9.549120381497573 4.437171083965145 4.737109410550238 4.462887455246618 9.391436215080656 8.439871653469716 8.976989518251965 3.5092589780127765 9.138492896335315 9.583287033004055
7.459637045187325 4.501298256393358 5.617684595325888 1.5424457101599414 9.40038234271351 9.821620659523555 1.304520997091783 9.754253029917425 7.364773310398397 7.468601878084848
6.400729677255901 1.1826378705288834 2.1424416344595234 1.2713107481881298 8.90902990101814 3.349155873968069 9.944602332565609 5.104742710025688 1.364507125880221 5.495599226012267
1.2019367271223884 1.661446766883937 6.5587062520228105 5.124122436059202 8.645302846211777 8.80631590433333 9.645976991089055 6.847276491461619 9.025344494491662 4.420103330949811
#
2.8435573989743266 7.885885390228565 5.012639803151283 2.1047628557204177 5.906028232526972 1.793320021485751 6.930003404589371 3.5840931038684425 6.848166981921104 6.923298494977248
2.279073397752147 7.257922087192517 3.2534881954322303 7.145356789416484 1.6440457420642591 1.8557474258834836 0.9085362835457857 8.908314246581476 2.419431703856548 5.228079243720993
6.381163444866232 9.28563489314067 7.280741505099167 3.6197734388685254 6.991771556167344 6.017045027126335 6.074839394475529 0.863375880688749 8.031111377845777 9.781248232776125
5.848802408412752 2.5869433766084122 1.0020177280884273 2.4388976446792707 0.4768507848323438 1.0341312837517194 1.9615814169197296 8.10257024184162 2.384345735268282 7.138405159322639
4.748519626608704 9.855416015560138 6.619607495835425 4.038091685224345 3.076072844543045 7.277413161990096 7.75310006553845 9.248638979880754 7.45267953036881 9.821509197813345
9.112582573472192 3.2238012623446526 5.042824561356759 0.4059681098340002 7.360573659234348 3.4999294143519197 7.857371054801012 4.72310437436055 8.870807307334804 0.26971885825500763
6.08565902436051 8.042907784435178 8.082375367342582 9.5065999219093 5.24270806303078 1.5400050546019344 2.9087404956945075 7.51847422355052 3.437977704542684 7.767343653207027
0.5569977475346519 3.347769921039643 2.658800302005559 8.462892435913183 7.599795554170803 3.8541076101139433 2.7161104139094494 2.150457383203426 4.32445076184218 3.5262352723107284
7.774674475780845 5.83624517584365 2.6935731516088293 4.30409363213789 9.592864331356918 1.467642937232191 6.353190137609651 4.772422407805552 6.759381692882018 9.59930225702685
8.979683754041252 8.680893331400792 8.583617096914356 1.9712479058469752 4.908122706543217 4.621339966629478 1.5960280967750649 7.995357581750806 7.065298182870098 8.901619995397427
#
5.880574029993865 4.648276160889835 6.020079562736228 5.1281582138915915 0.7044983690964282 6.870727893761528 1.0381085831411427 2.501745155721843 5.9825094335788185 1.0661066624839104
8.474168100842313 1.1801159628969882 8.095604440464081 0.45049547259707357 3.829076118902088 8.683541727190265 2.6659972234666336 4.983714611137684 0.15148631245863697 5.189731192225528
5.941365626149663 2.2393119958204473 9.838887969937382 2.9018824195842914 6.3683876937763735 6.795925729359949 7.83404283986521 3.872258595033143 9.525098183954857 9.127009484259647
6.055493803533142 2.8807853105316834 3.3071582766615686 3.7749780247977416 9.716485915767608 4.2606400552929005 8.130342403538606 5.773325757291942 5.416916865940885 7.181045821269752
6.187491953521382 3.8217568076149924 8.160446211628255 6.612218086482542 1.4840188420922535 6.2924917381588585 5.104848155624897 9.123121513746009 5.136140791044138 9.565684097357021
2.1911245302392923 4.19495457411859 3.7806914309111166 9.815493384158586 2.848043709760076 0.8499456389574203 9.35643086468485 2.5638258938244136 4.173622857482084 5.8299358704779145
3.9769398784560472 2.8581126788184306 0.21644659409449574 2.470844252109724 7.224746268422982 4.358317382286376 6.974287681892581 7.035525431457331 8.965093223474708 4.782002894005739
5.550478764530382 3.63789893483927 5.90657799212648 2.620413934106569 1.4185199410348472 7.298784211545434 4.2791229751028865 3.360963526766506 7.974951560195757 1.0955900112971637
8.307472191997215 2.1037648866311094 8.412925766586076 4.428488088580427 7.43990913615327 5.825895268231606 3.9606177129108966 4.29665538625481 8.235619145954406 4.279267299531322
8.071318562077666 8.395344777066574 9.208110397019915 2.6866196290907958 9.081645552448846 5.909228211189441 8.28035071304309 8.384611426511455 6.3426119865832415 7.283289120656738
#
3.464109378800287 0.4258327113641034 7.340030555634301 3.2694154113576315 4.600312891102003 4.695009364174914 0.3463132474795705 1.1664376799055458 8.037212929149906 3.98765634471496
2.6486137168245882 6.6995575311709095 5.325160835118769 5.614554193793925 7.985196434807777 3.715636818498754 6.816262957492439 0.7450389726541555 0.6548098515497536 5.526833740267166
9.252888638526873 5.719651335703594 3.8241907186746107 6.5822205007849774 1.8893615748126433 0.3047847109042996 1.706391940488571 9.19430931851834 4.36347008454927 1.6160311910244705
4.930553506729321 0.4396922106830612 2.3764316357500923 5.436478237036261 1.6295469191576228 4.44486360389154 1.503330738202978 2.3679001772119426 2.2368833517392357 0.7411874399499929
4.142786890988421 9.541816585322799 9.3035608294079 5.44270208135543 1.465865001249095 1.6614536358535874 9.677838799014651 4.162798435453511 3.720573994161229 2.155671325327286
7.841529562694842 1.8854227462633095 1.8307068597946095 9.795137595977899 3.148834599950079 9.220510187272566 7.763483421344656 4.708712313221468 2.5134412223388067 4.0671200016786155
2.3920010405923238 5.183671080631592 6.15822170642396 5.248544725658965 2.4083568018531323 8.812572648251097 9.252286308259304 0.7086818943169622 4.507390668279815 5.878889539658299
3.8790180092279374 9.973761482146514 7.259251189024479 7.220763476162861 8.403548359860096 0.25772496187307947 6.9339709329847175 6.9083387503769105 8.406322042889968 5.316643238991183
0.8819004476610335 4.473486199351839 8.146244303392303 9.460148871925227 7.343865077265972 6.042613178489873 5.730130615057454 5.490952852098493 5.967152830799378 8.782649885917234
9.63542831900656 2.2551812519331413 1.9529544428230619 8.798965728783273 5.472065723389868 5.529193404218925 3.737681794652641 2.6955529177434627 2.0525468270300293 0.5088881825234006
#
2.3825418447220095 3.099570635438331 9.126234752073938 4.446401644567121 0.32050226881878885 7.94219903822341 2.2364973963206856 6.115752404524422 1.0609326502799359 7.560473694841022
2.274494985147494 8.617107940923216 1.6200318840961043 2.1482309542126554 6.3404072616925475 8.946413406263202 0.1570248779391461 6.407559438459007 5.500754256348767 9.772802539547627
2.271744292420741 3.8482151036845087 9.1226910944266 4.135023436272755 3.4783062989656592 6.711315957890198 1.2492147664770514 9.150903116818728 6.908849799413898 1.1294754637823146
7.731655859151309 7.79214283724831 8.438029872949242 9.02404434836331 3.8852734715527095 2.9046931673899974 2.7210265516236016 7.000173776655033 7.772114180289702 3.6644964727606846
4.805610152766017 4.013327180259704 9.410521633424917 6.7647929934120725 1.572800046629924 1.3322476276620865 9.109096723506017 0.3758600328410644 8.14789486839387 1.460421524897781
1.2740835437840041 5.515643584790091 3.478736072878524 1.6389999329552514 3.6881541469921713 1.634432826490242 6.089957607127716 2.896776317978924 9.690532726384824 8.609014003481487
6.866547275175468 6.198001513967291 9.920496174546539 9.2069637769733 2.360130999123242 3.600558362959548 2.0881036266074755 5.60946946436527 8.780305402849407 4.02188165445623
8.601280172926206 7.666268740202363 5.74898246538336 2.4903744546790545 5.000815604895077 3.2681542316493934 3.5530709191465446 7.2465705823843765 5.399398609937494 8.696566448464656
4.870291422847726 7.0614288069800075 4.971256858767303 1.7550367157918019 8.537586107474656 7.45815378569722 2.4061986199943806 7.716595933625148 9.124948355410003 9.549935871106559
8.844492448259725 9.564633248726519 8.465977739662858 7.9720796324596925 7.335333858450253 9.983445148107933 8.33611862370421 8.143887389333427 1.562633731824493 3.786395404868851
#
