#
4.172744514495773 6.299543931812408 4.176081141858846 0.1497399207203971 7.599082045710897 7.484236388312242 7.830889980490527 8.309053048481944 7.281553119963862 4.770395453232433
0.8009349826841925 8.229607234704217 4.622227190870844 0.47405889211782615 4.1356942326495645 4.490743973883973 2.7450141507654946 0.9934740782816593 0.6188885332711243 5.4602512984327625
7.161036485017053 2.297136084141008 1.3371454634906592 8.614654414114694 7.689873871426069 9.082765037760318 7.162007971692832 2.6913503645549874 9.358926566506021 9.936372292713815
5.6028721486341375 5.85437298605786 5.500121748715202 5.949355438770576 7.433836658108941 2.0065340726302314 6.116623011852294 8.514182744166856 2.232715182584411 5.915096245185727
8.479706244503545 6.19306908434794 9.195176846334984 1.3625418929179527 0.6892210960013836 9.28806828557003 3.5893199379880256 7.348681195405936 8.402407988731845 7.610734976120464
9.423108462494124 1.7407322363207887 6.06004225774902 2.7959259165557855 5.568714749491474 2.2385384391966596 3.402988779743432 0.9033553263063903 2.1293107115382583 8.477003805136077
4.750638081389628 7.204758433428304 6.201286292134618 9.5353659704992 6.81150546070689 9.115362058245895 5.12829120913015 2.5949648348952095 2.6338949070973072 7.337544617892137
0.30130152785016673 2.68461164255501 9.477154359344198 1.5132287621179659 3.2381853550179356 7.458196772078098 5.499730438727357 3.0372045677125463 2.9896002292492425 2.1790743889820465
0.8729545090400972 9.334538358911997 0.8945904449663562 8.993297397262253 6.272815325651973 9.23443087113193 3.5748145734250576 3.292758986969189 2.233807593091346 7.012827942372027
3.2452719373151826 2.0771034142764058 8.242473983506782 4.913539449233454 0.447849096008075 2.3449580467759996 1.2559786524171885 4.2543733997746305 9.220164507527407 2.1638145856591438
5.861453206490598 3.825928420474736 6.226318336552083 0.37113688551381596 9.699246314039744 6.051737058000112 9.055765897921699 9.28276732881385 8.079002219189192 1.9533092988662673
0.449272733763622 3.6286991624344833 0.41933726383590475 9.041880616916316 3.6938928346018987 8.364079829588086 1.1557224306989742 5.233766391008106 7.338026430012665 6.988038780572367
6.3095246622710315 8.135738029909724 2.7113055788588953 4.512142056753426 5.823178920353106 0.6775812281592701 0.48146913888199894 0.8445587347947425 3.6434923690961423 0.26660854269671397
8.559163742444749 1.3327948217705807 8.132123884647648 3.4739687566934077 6.479987811420576 5.823913736449069 0.233074705391906 0.8546233519689697 4.97706052729093 3.239562611093177
1.829710236838951 3.655697253487468 8.204047293833934 7.390419152574712 3.3787381866548065 8.02837008730936 8.585429426151196 5.448125803656439 2.856102495595371 4.447802967391397
9.690495016202446 4.414459167738552 2.843324693034711 9.109599177110848 4.348208206705332 7.356517260662866 5.955655374216301 7.355620087940624 5.495417991244564 2.558188922286077
4.654540499859615 8.727859805356212 8.943310180956804 9.447834637225101 4.004905719741924 1.7950957607815727 7.8585738113868455 6.334738367885523 0.5163256055131376 3.5104060544540188
2.1818400643607228 5.129830897897443 6.781363834098764 4.528908623889766 4.166355900190853 6.180976758857951 1.3182496863343398 9.588362480103587 3.5659501496506736 8.812485476877187
9.69949525195395 2.665039283413216 7.007249712049321 0.44520779738556726 7.853273707489314 2.9578915647715074 6.918049622529198 2.3798162905801585 9.530421776040555 4.847122385910973
0.5110770834286402 3.725894564361287 6.186423224824579 7.709599493876938 7.821874441688851 0.749564524157802 3.945479485740764 0.7797013424871722 7.437805113123685 5.378599150858028
1.4795461078941692 2.5715667500909336 6.411980487118004 0.5379610251141616 1.7925751969783041 4.442028655645444 2.122388694079683 7.544080156552159 8.973814159544142 4.644296692473417
0.9616013929507696 2.0186082575862776 2.348382974974434 0.5846915292168706 6.542292920498245 1.2817801482118152 1.7983772404604532 3.6847943933296 2.8788106154484696 4.6640402410910555
8.369908355483764 6.538201573162387 1.235896638777548 2.3095971326948135 1.205480866519613 6.545608701229936 6.7747678276209085 6.503374334227614 5.102444696229054 1.6752568672469947
4.085740111869699 7.95468632716329 7.165969444791779 7.238513338609718 0.6472720701473929 9.708777880728892 2.5366696735580145 8.556778202300606 2.2275012197153408 3.51261574667008
4.912091753948967 4.811310609258085 6.229863367993353 1.724043625074914 3.8707241801593275 5.637904094389618 6.764153220344836 4.054253799166589 2.2046799531799457 2.8319106345022815
#
7.156720017573498 3.1007350179950555 1.98495461438665 9.44445535079447 9.97675528107834 3.3385541402475334 7.54054711353745 0.8036465268939841 4.169390283669203 3.622316246147341
1.4575455403205808 3.969956757132885 3.1758012136038856 5.960967088516561 9.022242806635854 3.513583868011735 0.7334539851135231 5.190563266477678 8.837638956840998 7.39028133061721
4.044729368829803 0.30574580883973823 0.7273020298633028 1.4850394764763855 6.209817010760265 6.362759094082927 1.73276336714224 8.10571296372351 8.102977484151017 4.159036187829691
5.9101978653716385 9.588750528483361 9.601181655528766 2.850970317260588 9.616119165873648 3.9339566785106332 3.148829510458472 9.502058428864007 5.3061938788407 4.203599852405861
8.751276348787657 9.102918516344605 0.5769852552160115 2.791748061692749 4.859726394319377 9.060279689196097 3.176541096141222 7.149020474240887 3.0781741776103555 3.6990854483444906
3.525031171896269 7.790495321792665 1.4322433679090443 7.883459313943391 3.7826688828022843 2.259519022402707 6.710777490600194 4.705968666951165 8.578241952980925 2.6543604996764008
5.201341751695457 3.2632722958720457 2.781395482558616 3.893031306621393 7.524794791260454 0.1133925073462052 3.061584786095559 6.962343076130455 1.6401711222459956 4.062816854965131
2.953172167717286 7.378082708974388 6.209415899813039 5.8619710299912775 1.417779500681855 9.123147071845166 6.073657611297364 4.204277937266575 3.4563996149940412 6.743074286401522
4.5258122237575735 7.256632203028219 7.507697900444665 6.586194098306865 0.4426070325990681 2.8525018024496966 2.6783778220946846 4.101842405845375 6.250377479009418 3.735761991396025
7.430972977746505 0.26244976651213303 7.4757358516626375 0.47583322765441416 2.810171564915257 0.59834190529034 7.379803210690106 1.3773085964208716 1.1117545478189719 0.910551643851341
8.358216380283286 7.856304785564147 3.9356422153268102 8.238352929029695 6.459799462442705 3.993503903188627 5.491984732691661 4.003309952060997 3.3370158713746383 3.656929064892914
3.815967921206254 4.678742284078323 6.7379993533222 8.249433787213507 5.927174652944593 8.31751635900408 5.785408966414493 0.46237587423817583 2.342397548442799 1.2076471874158936
9.626708931912834 4.007041353862044 1.452407073882037 8.719107440293094 7.613178413841682 9.423123705613689 8.63380069429609 5.805162883027261 2.986158054865933 9.36723443316697
7.363285150428602 0.8563610307188609 9.203362537537087 4.889411285156247 3.243148699610761 0.13703366839024955 7.451015591621635 5.811822874648921 7.014032188002959 8.120508161925363
4.737412806946647 7.366636631362288 2.941428020617791 8.182857967711254 3.905537519803163 7.144070632474979 1.9773431552172038 8.4836725212712 4.481038301864415 7.390920751015869
5.95181717607235 4.7399995433608995 3.1054292418890235 2.0960940408394886 2.7072297281951707 8.987104654623453 4.5474592560663485 9.488133353935119 6.325377186219063 1.0038453580704152
5.817239158639507 2.746321504701935 2.9797949917451 5.674245680664723 2.052401158772968 9.728392336512542 3.774897134612523 3.0489483344831845 6.695433772901406 4.929187008198161
3.4916357443299226 4.189019238049867 9.952161340928209 8.569290887988007 4.430497388979536 4.670795851997285 4.886669614290974 6.109558477103607 2.3391652326074346 2.4680556624936996
5.350874129194039 0.614546364816964 9.274466061434818 8.069021371174376 3.7732752602368764 2.27437084350371 2.585610164919777 0.4521415036176659 5.428052503005148 7.678350365773856
9.801729188335997 9.565592922157514 4.393298474616207 3.6254215482797987 8.959159401806343 5.207117785293869 6.278183745832225 5.224080065049715 5.249567879433643 1.651938580046859
9.573895139206176 9.319310438672385 8.327407820517525 3.4418709789151025 2.833830935643946 2.1869937808339 6.3427871591394736 2.4211436700707165 7.5942476233803315 9.840700485881115
7.816027957356075 7.8077257380023894 2.804136253067789 3.7542742011380086 6.53342647291334 8.073018088080692 8.332288336400476 8.252962127980535 7.512794800396728 2.8183230103851113
7.9607400676726225 4.415800949504087 8.534439522373592 1.3918287085233785 0.2620100302882511 6.281643945498309 8.44765125026406 2.2055457061285955 6.419538730212846 1.643996612796093
6.261473836170387 9.06755479474495 1.9293962188249907 2.974714471289123 5.7488026666452186 3.635806983217086 9.76146910151268 6.779868037586535 3.716245231723004 9.711696814806595
8.037542344650147 0.94985152247824 8.111325610350194 6.267570019075081 8.393093297081789 6.92568443850048 2.2423259683168317 1.5460530210277184 9.246526045630809 5.524537819431754
#
7.618329663939851 4.246234401430989 2.904377718026372 8.949156831251262 5.470891717360562 9.392650183300173 1.0652978413075433 0.8801478254446167 1.278015837592076 0.21130593557872412
4.903864570021132 1.3103891071538412 9.18859446946033 5.87944608063657 4.726022432529373 7.381818739262368 3.575004613382044 9.646409501064664 7.020516748905768 6.113702514968743
6.040471023458632 0.30824504887178605 4.4735039088464115 0.5090291784980865 5.223776380525384 1.8900786353135661 6.522901118447282 3.544659250368052 1.3758364056530024 8.898707100480959
2.667392892068576 8.136403241214902 9.928685385519334 5.231281209313609 0.27552029782103293 3.8109377148004566 2.4198710413113864 3.121745195396185 6.097506295900677 2.50404022600363
3.6939534221412504 5.715314017018609 6.487458406001669 0.10079133181152589 8.573195214947498 5.255010694243249 5.855828541472048 1.8799781496706363 1.3632845829737565 9.194198368523317
8.402997964074135 8.889982303497376 0.37753555202566424 9.23866822095324 8.830655773282203 4.949151401105139 0.15005470393226794 0.48281596403867333 1.416747629308781 1.820528245384462
0.9362044909936849 6.807312477975458 4.8719669212871155 0.9423019001708131 2.1813621016292277 4.778035695228734 0.8411042884669975 6.228007377003787 7.078891498089975 5.181926496031677
2.638154820792413 2.9369244982225178 6.479537479004249 1.4928434996034117 1.6117456731297413 1.7386646603207714 6.315828497816303 0.8450063357583719 7.532431714023098 1.6172131839597625
8.954982519663169 4.5897778301825225 7.874992287723579 2.1292189047623467 7.722062340348973 8.968059880756321 6.0172720650134774 2.3258730018455234 9.17949717378465 7.536640910288934
7.178039759613583 5.335152228615515 4.486841829781616 0.296570181554781 7.688749236692383 0.7805237656064614 3.430724038016219 7.622437443787334 9.65332296227648 9.466974449510914
0.8204479044932977 0.13516221530389938 2.477043411933594 3.4355271535193372 4.801928387338279 2.346986483479148 6.291280828705355 4.311162479585307 2.953750901460589 0.6942419532323818
6.169653218593368 7.2634075587646585 6.84619538939935 3.7362793031815156 8.077256477467543 7.0480141840870525 2.6340761188147765 1.4715736866746032 4.599548448540631 1.4193733667184998
4.8848732335108505 1.163666663787715 7.329559362302431 5.186109806885037 4.448050125827558 8.453944524192238 9.410827579177177 2.5702714007162184 0.526473521622008 9.684815334886036
7.06005233230769 0.14576389831392156 4.272214400540621 7.60800216115499 3.242376749588264 3.2872423929714696 6.631963988529044 3.5829625590548293 2.2245388128968275 9.56546181012305
5.026981905213786 2.488713623103386 4.3276006684819235 5.420381403660956 6.825905416551024 0.7834538191169154 3.9364675519956434 2.6211202923839725 1.9771739641966235 3.239626414140133
9.72521015954558 7.052813918120883 1.9946846827735851 2.4717863958379684 9.72466281100052 8.879812607222659 6.047067841304715 1.778755000612874 6.76415912811974 8.134069165327602
5.877174632234307 6.323432378068899 2.141670806983409 6.2945306696334224 6.230549626466946 8.53361750032837 6.599845659162348 1.7264435923603463 5.631869105245421 8.339004070402357
8.879907465849517 5.023416958370576 4.094788121535626 3.6317655834326903 0.4232964895370639 6.761627232821572 2.634356594058768 4.074695225880643 3.7582806705982144 1.293137288802102
2.1689262492859096 8.290862629222884 2.823951315035566 2.2708909658530936 5.5875606528570785 7.359822601943701 3.4673810552147635 9.669202521843651 6.971675746962818 7.227701301471726
0.947558335400549 5.188537176288324 5.317698312729527 2.58067246140695 8.839700841738306 7.648754594055646 1.2595773955130891 2.759887618340991 6.5029475960305305 4.908308772639908
4.909244370101775 8.94735316659728 5.530029758899479 7.324841945263287 7.453790314217049 3.920441160134608 0.7988068099247299 8.015424896256398 8.944568917340266 0.7542091301186495
2.847731021814451 1.8461123359846208 3.1030808402814625 3.567343697631113 4.787007155068453 3.956301519765123 8.943020930488832 3.4415176810676966 0.14309502469680613 1.4534228377517828
0.5334871821998348 1.2233723011969984 1.9665583957258046 6.061606416644437 3.216326876000111 9.194838325992421 4.08045886536838 0.6960641272240462 8.935162808463248 0.758478978464491
4.2992003464254545 6.7823229888995 8.061484583237089 1.9504928000272463 3.80023640407022 8.68986323995978 3.8561121206744833 1.1750929228088562 2.256020540908449 8.439652763840197
9.640804573961255 9.898293126804823 0.826912881917532 4.984896246794354 2.2808977154155485 8.848163564479481 2.9134880900996474 7.593990016273221 6.3993783250333225 9.107730803535723
#
1.6256125531335388 3.721388988190188 6.011917249081171 7.805328714231804 6.817976113098668 3.3913749402252433 6.432424193500174 3.5829402141582545 8.91083113848251 8.145621693529101
1.3978838343517581 6.839397296912362 7.76521798600797 0.16470619084190208 0.226311540924085 3.8935890900072616 5.037454986359797 5.995592891458792 8.884806168366877 2.7331126558555083
9.064291988060411 0.21881676434278852 8.310330480909982 7.10512663101664 8.263851309640764 6.058179460025434 3.521203655230627 0.7513496495087972 3.7480860800710705 8.51278609592998
8.909016163078839 2.434740136257545 6.605752947706671 1.7614285248591162 6.182160485170819 7.984165038269517 2.0046868268993414 7.794926362727985 9.878534692346243 9.209962674616827
8.350285520940155 4.877745329059601 0.49948373556823533 7.185491478358276 4.487279936353974 7.161260706165633 5.212975695627502 9.935345626083517 7.084763409135576 4.572361631393982
1.9642114531980384 9.154555228120778 2.653572714143333 8.758981958941785 2.1408743015469223 9.07178627367173 9.388403067094833 9.816980617508985 2.16102855231404 3.971844112575483
1.704027002643334 7.317681049012505 5.077694330277781 3.631972102001768 5.162837175282845 8.283768378112876 8.427233973279883 4.60795562482857 6.112452314086829 5.9332909886686345
1.8637261490369506 4.013932677629388 0.31052306428563803 6.0732741038136355 1.3792372371370987 8.709942591297427 7.8414959093536005 2.9494708049808325 6.570136212911488 8.117164282958761
4.697930202201924 8.071524815569056 2.1684417103227323 0.6468385920619681 8.075602348899842 1.9797532300301248 8.928206130368217 7.091848914986906 4.4802941896091895 3.4980101735210067
4.857998793131672 1.353355346737279 5.846837138570109 2.608451770981413 1.5675460478098935 9.624277275166072 4.762877112397197 0.735015463266758 4.578477997083328 8.000455069483829
0.4630427589903219 2.7923140647919644 1.2091544491143789 5.193081691219257 2.757735517133897 2.175065805815408 9.195668422534519 9.176702183118719 0.5985254450814157 8.46912955255693
8.913625105718063 0.4445732221460368 1.7492500560356414 6.675448673969472 2.951868840656678 0.9483163607768512 1.4319047715007103 6.311489551784817 1.9538741056583526 2.1491475974673278
9.873141474724548 7.615897456292505 3.4233965784715013 1.1595078115373632 9.750422901660302 1.3273704356228393 8.033929363424873 8.008055001231389 9.495178323645419 8.553155625263033
5.5409459692637775 6.090489601912091 4.9178161342786195 6.907426251554263 9.66358030936997 5.412499991679215 9.199550480663206 3.686753202191729 4.915386558967965 9.812962526120934
3.0609923167179782 6.563728865681618 5.17837304664505 3.8328489811585396 1.9898348306165619 0.10499501676647771 6.277827665821609 1.0301621303148938 9.728975993785768 0.1360240266625823
7.648290851013337 0.21922240235591772 8.648608724563058 2.6083616215173064 6.4180161885144225 2.333320380231207 2.753845211631582 9.413505078191754 4.387433190512804 9.131655219681946
4.328569193202669 9.312222120692539 9.115826375239024 7.374958902114294 7.297635247290049 5.694084913107586 1.210247419741993 5.742068474016168 7.330334827485572 5.741114249660427
3.5659209772748683 9.722535852988376 2.428132812114929 1.8618346330271645 5.227733702277237 7.761809202193238 9.145138898770124 3.5205234797137144 3.2575164404482386 1.04714820021697
0.7713385701694842 3.269160070088496 6.307057060989798 0.7884722076678816 4.832246901440026 4.672484864788708 3.775951383152499 7.977634174057197 8.4602385656932 9.48574128826981
6.947441858378575 2.679294963234405 9.44022681768756 6.368658356535867 2.1948034789284696 6.546723830047232 6.036009987254164 8.74747652236779 0.23390075892300732 6.8425208871002585
6.965170226482481 7.57280470089121 6.060212068820887 1.619888672993958 6.039373622576095 3.271939554862198 0.44040146867986785 1.951047904975956 1.3359082859908011 4.431249209232919
6.481969493029632 0.439350050708593 3.3554124634492704 7.962579709131406 6.653640628863043 5.979995213199871 2.265205538113416 6.819090626474724 3.279719833943462 3.179256789393084
0.1126298880583203 5.11544625893362 2.2976209135371306 5.715094136229039 4.523393654933524 3.1221203563902806 6.8210449313211825 5.820198386830789 9.036769435039435 3.5517081570582714
5.204271233560115 5.430179783720565 6.431081010280429 7.9485848035194415 7.500865410093885 1.4652578557877 2.984597088427887 2.3459425268685306 1.1172707315225314 0.2410230829126716
5.901882940729122 9.136633102057184 4.975271100766321 5.62379859375623 4.1057169265476325 0.3875929175963604 7.801156914665167 5.014894173635378 5.01000465202611 9.897294009813875
#
4.927169047826242 6.307125298901723 9.229426995008119 9.678014112177308 8.464886352586301 1.1051928931044395 9.481473431464163 6.506570906065537 9.33073220289795 8.96961380995801
4.44201824385487 9.927640532254625 0.7734293439247244 5.067182716056048 0.5719959998554538 5.258472233127913 6.758629891068821 2.2089028781649893 7.542453026723222 9.414603502504669
9.131987601747268 4.485451587204693 8.4007295951831 4.295290245382415 4.601251549634908 5.5956454093907135 0.4441394098322231 7.336848629914887 6.737392721881017 9.526716755232009
5.013914031596834 2.8595537425506747 3.8114992715095863 6.568728134063708 5.088394168098083 4.496258302043717 4.121313698932369 0.285925802596827 3.7715652302423406 0.6869920899944821
1.7591135553105528 3.7189078034062186 0.2913287220618983 8.863105387523095 6.723867607692691 7.20959462601682 4.450708933407606 1.8000394965405664 7.36300524913543 5.776569151069635
0.47509890713847636 3.0922192013455128 6.1473022344515895 0.2633433134326104 3.069760240688864 3.325877164019243 5.651035515195931 5.540751817145094 7.894053169094038 1.4073530893440709
5.007391845797512 3.438579248797283 7.975012306781721 0.26491988257386634 2.0109424252204926 1.7357269864030473 5.961649142627523 4.470380738172769 9.539835470749493 3.7177999792079905
6.804650959687924 3.6788010697878897 5.22357302214335 7.718177179658827 1.9972961152082527 5.4494978757341155 4.840835397781533 8.663201251279842 5.817979315474624 0.5433924922937043
4.801946497906918 0.3573935547627958 9.26205153286272 2.374119870184017 1.1266616134151488 4.176760328520732 9.254086999433135 0.8704067459610298 6.85902060859581 9.870695070438249
9.425364250567593 9.999419845209788 1.5652272680576949 2.4865876147608708 2.325091128697407 8.395094940193253 5.317221829823037 5.547554238465977 4.363318976437048 6.399371930898487
3.2041533698919586 1.331543429191583 2.1212571073955053 8.532212003106766 6.075274398486426 6.366204970333773 7.787413844381788 3.5510300399272303 8.426943406643566 0.38097456622192905
3.2922365926071615 2.2653237189667585 2.831614492014426 9.531452547917482 6.503524308268336 6.867633630386003 6.010286885304443 3.554202833144041 5.300316756137255 4.719886799149655
1.296681566500729 6.354164171336257 6.627253131586419 7.027811956563455 0.38805676897476804 1.675426104368042 8.361518854115047 1.7434725380021776 4.730820509251398 3.3641573302713583
3.787659216913781 6.03281146767149 6.8665678221538125 4.492934767213402 5.1218552081547335 9.400698497414286 9.531077688881446 6.8641453924156135 4.1702594503574675 1.017613663749679
7.912362898667894 0.5787600748075077 5.065265648862176 4.37769419707537 5.1822479776414685 3.5964203389003915 5.305267347035759 9.124616259167581 1.3120250951875985 2.0233338920337456
2.305321058480842 2.240768408703331 5.56817009090869 4.056750464487529 5.05952528089041 8.784899378971872 6.477604502539059 0.5458059693211235 7.82109055625533 8.757254300128494
7.862508652245744 4.488184028756382 2.5236779763534845 5.5267532004455 3.5180231240503543 5.164786109424845 3.4210493478158135 1.8497144328895287 7.954016574962068 5.686341212442224
6.901548379718221 7.974336234206412 0.31766415808062565 3.8859100567726204 0.10308754999495218 2.597272269322367 8.864406699993276 3.2599147504218653 2.237513568179568 7.450700269034296
0.8326497232035379 3.025306795415307 2.76500103378552 4.421719145419011 9.29948357498494 5.478464244685243 8.497781620046073 7.9197630840050435 3.74507798768931 5.462047280443843
6.358829978902087 4.40363799348791 2.252369466866918 2.092932751994331 7.5232250910888485 2.8883309635888623 5.193340277961301 3.30595109443086 5.721893743116384 7.619764225201161
0.292338389144823 2.6792048621757893 0.8760698679895302 3.16948621483042 4.434386253842242 1.109563263519565 2.82143012426594 7.930140949245575 2.752390084951741 8.07648107221501
6.6879130187067 6.6016856947801275 3.4913889132070794 1.673586389148511 0.4748710878484115 6.090037570693539 5.205129188614695 5.0063840089031455 0.985516393076515 3.75834792426516
2.114799091141857 7.186594697119807 6.255926488550829 7.9701822847407735 2.1869135890707634 8.488214371595117 2.4838619638080384 5.061185722917129 8.642762565238579 3.9723424586286633
3.6874382113426547 6.6229245973455075 9.88315772328832 0.9167175030025456 3.2450056679302373 1.8817736868122061 5.827366562345383 3.607298384992708 1.0869265256302723 3.5469109631601974
9.707148561127752 1.1914995305802436 9.027998615959193 6.335177564733936 7.999895953794452 1.0157264443034597 0.9411136237418072 8.332484118170683 3.0764259879538844 8.25675058833015
#
6.558414867103196 6.130945749413442 6.848440980049419 2.5535973572180595 7.956409866899813 5.711386669790695 5.256831176347759 0.15439136107554408 1.2959600872700006 2.8412903439466115
5.774746306316169 0.6296984082971928 2.9984224226904153 4.81618356235935 8.41126569566812 0.29427036292484665 5.323174269165186 2.103658152523836 9.04612275427117 2.2741262759138188
4.157787976182948 8.84269368178041 1.21326837184915 5.511569419098452 4.629415821162848 7.241276123489085 4.084819483229616 8.1717381799877 4.601057113998349 0.22510816659198785
1.8194788604438017 4.583913936008213 0.11713215882590244 6.823299281060066 8.29088882811854 1.3221274017989928 7.391434964849948 5.666674114534788 1.120044778746097 1.8776781351137153
7.6180772915408195 5.511588147413355 4.908831162391889 2.741352667238412 4.7719584503960695 3.935754993205367 2.1628355799971226 6.051119403937161 2.4742968613338414 5.563973060556215
8.051072682021434 5.310595090468553 7.8061369822025615 4.779937263445448 0.48166554531354056 8.42908933038802 0.6209348062451303 9.170248329737282 1.7622597416425725 8.825820887641939
0.3271019541139477 7.574566038400998 6.612762399311821 0.27282357952157543 7.60015224270759 4.994277583585185 7.560380571896765 7.827630453854248 7.649440013500731 1.0428822081752305
7.363726719146065 1.854483738309816 4.236280008169421 3.986572956069506 7.071132754842083 8.422531686414157 7.303926794755721 4.388636387358102 6.79163499058728 9.033433162649962
1.1545146330270248 6.369449823191261 4.4802726445557255 2.1254702337261913 0.8738244156408639 5.94582467311896 1.2719137561325708 6.820609791313906 6.3482201522444885 4.276322526141611
9.888230185382588 8.144340962612615 9.674777506693449 6.214943177594091 6.794224728141963 2.547194407972785 2.63901732596313 6.643747385566529 8.975169248209607 2.07866878791914
1.473524107556679 9.961416032819873 4.643672144085558 6.534971158971304 5.91739400542979 2.7624526737053996 5.986863689575546 5.853330460866757 7.192953097178357 2.5831719250262646
8.067364686335754 8.780866722141129 6.416320053200778 0.16200221863388986 0.2750191649945961 4.8361107890694655 4.5194048673076095 0.8441065168692976 4.2147755484713185 7.120712890189773
6.9658269645217405 0.25913068268194994 4.387555481222821 6.513600312258024 4.668229982959626 9.769557075858945 2.511800264674658 6.907329744835694 3.4672733737428842 6.859203424609547
8.689645343795336 1.6518824319825232 0.44616798714179673 8.500401343649813 9.455163943093542 6.8755695953559055 2.2953054115281684 2.6718614518693324 2.2276472959615394 0.6040317702000095
9.063569347097904 9.837812775650018 4.8315685238413435 2.2467132276382094 9.77946899906487 9.668768999962781 5.812213221136996 3.2426300071162704 0.9549598138558117 1.7959098489363465
0.3426498185127622 6.912965296479633 3.3854105654720703 6.279334911384931 0.36881779919350866 2.9234987443716958 4.741013566937999 6.8181769105997345 6.559185761424989 1.95894136761989
3.879202694615629 8.225860149524141 3.4464697425711126 1.8715726721849224 1.6547514899644882 3.300019213592172 5.128247761744598 8.11017290043183 0.6777089103189544 5.873220468364474
9.631134634414021 1.4222489433065633 7.841787151361766 0.7752470899664905 5.775259217812041 0.31908548850777674 6.01705660064869 7.5653601899546015 6.140561523216442 5.300656265334845
3.908295436473166 3.4907953051479517 9.0443170197062 5.071003024913604 9.797563688398238 7.199884668958813 8.701682113611996 5.2982309612325 3.4131662485569634 0.9688096827871187
7.434621811305318 6.500532634568059 0.4161280443347355 5.613406859190065 9.927749131125806 5.562753039345321 4.739380220461027 4.698107891843679 7.010507493782907 1.1300172134256026
4.996181396894665 5.577987086337057 8.840137781968838 2.656978388481535 9.64526664742624 7.62566145692851 6.040573283515538 8.207192440600412 9.732613682556575 1.3687317842428408
0.1690951512705281 0.495766226143056 2.6664584309832327 3.2398355051152956 7.419500560632325 6.7610318268442136 5.734837827758128 4.778869007278436 2.438154108679889 9.935388836051661
3.9396386003097605 9.25661543950127 2.0312795288817207 2.256211751817309 9.031795270666898 1.2003851859249135 1.4202296045306668 2.8717904316544973 7.6872862544928875 3.581647658471867
0.2566293980941703 7.78557802004171 6.5702674540272605 3.2042487240988407 2.090153564568644 4.381146852399955 4.184428454384773 0.9011798729075071 1.173936455702394 5.535359330215808
9.78064505887 9.360089766585755 8.469780131573739 6.452361149713947 3.5614168947589153 0.26155417734094666 0.46029060948879685 8.027228722716035 8.457313013893392 2.9588094919241983
#
1.4002257334883845 1.1147369875956175 7.483900751553918 5.629023493961204 1.2630095269095638 3.0495202015618603 1.2530272497802568 1.4392478291385915 5.9508310709383405 8.213098018817394
9.616626045123354 5.56332668590204 5.9406636289764805 4.46059662851286 1.3035808034133116 0.5388261165211032 8.701845814066903 8.691787136937908 0.811856492297224 7.027571083926031
3.5396843483880356 9.453557855822975 9.369823954049457 9.925108530925378 9.926930158626504 3.8615224369595573 2.254275444593344 9.623666879621723 3.8645731930189235 0.5867091807156584
9.701570510596868 1.8869868106527683 4.699899492005328 5.027431237249968 8.782202052146243 5.629822850711602 3.429392130970813 6.109374434817436 3.0396162329915946 6.6708757634556095
3.2556722995838316 3.184105966178259 4.119279476620554 7.892117366670193 5.912115974436075 5.492534132707522 3.4843048410802853 4.858929093649827 3.411650550472934 5.351068952074523
4.35013732686642 8.746696596964425 1.4489701895273681 2.0651822298567697 7.825026870024164 5.506502191712265 6.730491159199851 2.938538643854795 5.764675124435377 3.9298311937786243
1.1572588647732642 4.5021933522895425 9.093773001884989 4.047309877070903 8.08557234486462 8.101179791812594 5.691571992761821 0.7287177729137975 2.7922048942749864 4.083333358595458
1.5606949997159405 6.162312625025471 0.3134103042919669 6.055550912792224 6.863244190512515 6.86925577214436 8.426233263517783 0.3241277248305563 8.541567606616665 2.084557905964217
1.1612047052036978 5.381666885719557 2.9081236944902042 4.474356048327022 4.8563178363969355 5.1298187734745015 2.102289925225146 4.998759109142413 6.348768966784414 0.6193391584254186
3.178924985888629 0.6477048521157593 5.450632302207088 1.972063874900821 1.1904557491514027 5.821453011052555 1.7608064612864527 7.649576348718157 3.5525044619577244 0.8564968473060279
5.524924035317945 0.9712969251725116 3.797647692250937 9.899511225626224 5.1725562072178715 9.696058388344492 8.545052331731434 8.439356690503041 9.895968160369891 1.369976217956276
1.6820439463323082 1.6757681951918095 9.91782562287241 4.419563061131528 6.065495023344526 8.585092703726863 5.331352010341676 9.076093733083944 4.970247636553889 0.9067932110412027
9.871041349489484 1.2741339753903755 7.092714213845952 1.2346668096922024 1.5731159477781302 4.7182405237965845 4.759716021784049 3.288091646562817 8.046321104535908 0.22015119538878736
7.589293033266276 8.47410335043075 7.1618369412636005 1.5449392660043522 0.8014454946507339 2.114396470404322 3.083084946925073 4.943602684301697 6.092167548286302 2.0578431068937855
5.104791594961377 8.232935358836068 1.7802492343192564 3.1942157894708716 8.646556343277116 2.527181385987713 1.1545866189069542 5.941891030872215 0.6387412063052738 8.202452369791562
7.235082009361378 1.850831620092697 2.514448363116115 5.500058199220816 3.7261646900503345 9.029079835577654 6.301974223985331 9.000964437460286 8.875294173631186 5.681921332430076
9.231320382696884 0.9268654214164389 3.8738237704438676 7.571216141018368 3.0037963887569017 7.266918978355108 3.998303072491731 7.95694877905933 6.662149816265364 3.936519249059846
6.416290470530813 5.068481665877272 8.694730780866166 4.3595276140630075 9.385290075404404 3.038513009620018 7.4964439788010075 8.578204957355792 4.262287538478217 2.542752104693267
5.691821168093434 4.384770971498166 2.550794769195093 7.2322338971268 0.3041479435875418 6.682348768350749 0.5627737626928768 4.575225899537379 0.2957221081354007 7.122309393173156
6.991817811071365 9.078021230508579 7.182312309446818 0.7547223343524898 0.6898187516815533 3.3323309182846756 9.015692098477318 1.3566589431154208 6.961252885361028 8.985656645855787
1.8389141744209714 2.414295480205746 6.75598644416453 1.1692753365541049 2.1321365941274295 2.624369181337386 9.35703595637042 0.35303013399313876 3.354843823403316 0.1438295711050337
8.642534584596877 0.5305881750491883 0.21854982419604152 9.124279105703877 3.5104888531985896 9.74659029319803 6.38170585835625 7.8636916686114136 0.3453257109260477 8.890436642044325
3.735514023896659 7.824200929439208 1.8261899198582836 2.4332812316443957 1.8794198084691116 6.804198681831872 6.547412926004597 7.434304497177783 6.85251606314036 4.3603550045076656
1.50706575197565 9.839842530826536 0.9081293201442175 4.27366839084394 6.34090590278872 0.6448893720970696 2.479439068825319 5.405450912112242 5.63509188980914 8.622903039369943
4.2217534927119855 7.906783506613407 6.660386436504868 9.302473552188015 8.88251438504842 6.629910540017279 6.164749604071199 9.913421716672234 3.7377677397541156 0.4562647686121668
#
3.3801203639549477 0.3999988276860673 4.0723251478332845 1.5990614729582004 1.4620178757496216 3.0139281259067188 2.823380379186333 4.169447807832492 3.653434799286405 6.923481746640402
6.02240340201473 9.813786615772123 8.679381402029978 1.698545373545155 7.666845397119607 2.5767012034837853 0.9119616957991292 8.22588983592016 8.455654300634203 1.7890887131307012
3.0121226126239917 2.7865125307199805 1.7525117655290545 8.129459623382301 2.4826744526467923 7.199498397752061 4.573137419280395 5.949938263930366 7.662550580760593 1.649042905960009
4.0332085416147505 3.2399297713511457 4.729923320393992 7.5277912870696255 4.637321440500049 1.1909976278759995 2.4570632941571673 0.10754118707439364 4.772875199681817 4.11414133058026
6.794835310393207 5.682280487341871 0.48032847271075596 8.854386009649463 3.7301823457889682 5.523722498089476 7.292159738028925 8.399821793998084 7.88218338439059 9.253283078736459
8.929964197049841 0.4479029574892257 3.1541020232262325 5.733447338543703 1.267476782067091 1.2912650911932029 5.895722689699783 4.641993098215198 9.850017987354663 5.900186959852042
0.10258719165636787 2.120235887535437 9.99969101968447 6.662882917423938 3.5276008234772833 5.372350324695546 7.317572954941442 3.1620441034231437 2.425527750764863 2.7419525011656694
4.1684779323680505 4.569716889066555 0.9140154808443075 7.63030683046214 2.988804023465794 5.829697925220173 9.46027931319789 7.885481174414856 1.6053124773677698 6.23421845149347
9.944131660623041 7.36846215224789 9.260075085961743 8.569362269951814 3.4608512559232416 0.9557431253385129 0.2543436193615989 5.237365055733212 4.282243748552222 7.707808142657813
5.768491475567801 5.542180899365847 5.0766565050293355 6.390771662802615 0.8679007913958978 0.9131776578638648 2.1161673553209206 3.5824471074232007 5.310236742314937 0.1125527181808259
4.81703237338621 8.44150744788151 7.515334530469341 9.788582485224723 1.582860012266985 1.3873857921076436 9.131262697251808 1.9629421874678088 8.039287835124249 0.6532966982115278
9.891548978779825 2.023009821882706 6.1438617266001785 8.796930434635591 3.905114953698384 6.264843376962199 1.2404243523931182 7.926130552025542 5.55575751469139 3.9885467683287676
2.9929395119992406 1.795533309538274 3.4153896395269285 9.598288470867157 1.2740595692359045 3.3895505488010937 3.58603835227807 8.119646585679066 1.5094960625887603 0.23635640404800728
7.115658736896156 6.9271905638224425 0.4994797686230106 8.41454408431066 5.4343500827169855 4.635891528470882 1.4512384616074239 6.017874289249972 3.4885056724163013 4.761472320512746
1.5400354993506413 1.5574684395239378 1.0031206310617549 0.5965089783646418 5.144534314678641 6.76511542930154 7.270503626233085 6.80105431877334 8.10782318726597 3.1392765946428467
1.928181547573344 7.586344965998164 7.367682793880274 6.338613898188019 9.620530980609015 4.724344158841842 8.153087147908073 6.4881723385858745 9.71749039424292 0.9101587364822992
7.671351517276221 5.3597951205470125 1.8448939375101805 5.934864305421911 6.810839601690145 3.2111330037147576 5.260367098336659 2.820675950583693 9.219935747787808 9.37187414095315
0.4198129169339806 8.987245689783535 6.0812321071120055 2.0107876959165525 0.8466441539806882 4.178087272850817 6.462219199913605 8.031142267463995 2.3091370016241295 0.5613515563568452
8.18671258453669 0.1948102179087714 4.044877309839911 8.967084643807514 2.4385415300933038 0.9136829212921862 9.079900670500916 6.300648644229082 2.631493775775072 1.242524795721407
9.678292439139517 1.1318778836126149 7.187156408265502 9.219590413796155 7.4544040681804535 4.781767878432704 5.948013719240672 7.669464652803602 8.910424968008982 6.185019451760459
7.9751629792445256 4.696197891851467 4.762786352101896 0.31974730451352507 9.640028069212573 3.617305330482149 6.319871654028509 2.02365260070042 2.387524307178688 4.985315223977741
7.742615019016111 4.835189609528796 2.6340661565037595 5.363123721818701 5.173410338238676 0.2392821425547078 2.7663344252659785 1.261576390152698 5.114148307187517 3.471876772800897
9.650063262763448 3.7379585703341194 1.2952514424094113 5.315780016958197 1.7194088016332607 5.289077694979281 5.403802179604257 6.9498913974966605 5.634356677249157 1.4203974862979716
6.550004963972607 7.43358563875863 5.308393818502871 0.6602628084621998 4.41163400892672 9.009886330077398 8.7491179986622 9.765419277692079 7.927977332141711 5.168080700076669
6.998443801293253 6.321015464251632 3.7419029585998276 6.179178589379689 8.757235260635436 2.473901893273904 5.482610944852375 0.23382047265391304 3.7840731468363833 9.363099465568805
#
0.5199857843969911 2.7017393146529183 5.910543077197052 6.234210294015755 9.242933295595677 8.149191626137865 7.080801832310577 9.689339567916313 7.906154048525764 8.143084107128225
1.8097343072899927 9.8314449111655 1.41352761077311 8.739557181226452 9.338800626035965 9.428737958841664 4.765419354945286 7.922055392868829 3.2433414226149537 5.856668899978201
8.638198402288417 1.5635157490180607 7.2325078445446 1.7031782031415905 4.862969149605597 5.066315222814753 7.509023477895889 3.6760942001654984 1.3237696802415346 8.837870012383878
3.84351010150125 7.919957047111811 7.659490712943834 7.317034895640573 3.0242689609467677 4.370023196847184 6.446720962668006 3.6268151077853545 0.20863030132805616 1.2361388137531786
6.213835420241541 7.723418505460354 3.1638629766213384 7.958705670179032 1.428785268119253 4.214254903622031 0.7067771013725492 7.866758746541282 2.452440313925603 1.8785884510792297
9.777466553805272 3.9331073811238415 7.527851130086429 9.43318350759409 1.534193339241713 3.265634919473816 5.099765466141926 6.5796416913461035 1.6208851622582605 8.430972290151047
6.6895387701316595 3.5815231434142967 9.722239763516058 9.124699332209932 3.7679645209615034 4.1259806567048605 8.387393698058416 2.62849826421088 2.8242518393728533 9.888414442035932
7.958407282598412 9.941593624742607 2.3652200873510956 8.873322283761418 9.438101883485938 8.399388991284507 0.804382313404786 6.323129382746557 8.930158870103806 4.138033819847748
1.827169849834677 7.614885947495905 8.309531066534 2.049666043394167 9.380314057793075 5.594249397340288 0.5343265380208209 5.98733656742548 9.10305835058751 2.674153744597955
7.666485873404072 3.052977144229919 6.631478714263411 0.7365285428442352 4.717572173049573 2.7548806788411175 7.331246305182866 4.3307871719777555 5.216450089627516 0.20068753653920357
1.3391488261495592 2.643311363224245 1.744752141762234 4.140746445113501 8.530506011513179 2.387416925359847 0.10114933421163474 4.373500349960174 2.7671969765371633 8.576135883090583
4.480346730311948 2.2870367855851153 6.096973999158241 5.393310914128858 2.575272704433946 1.2974237609765078 3.1416636238320876 3.6671143131603285 2.476555083511992 4.306285741635665
8.174857591168223 7.261838582370393 4.873310353449385 0.6865900155474867 2.679523780599591 0.2584774644133807 3.5292808282373658 3.9438294716397833 9.58854076905142 9.100223356240946
2.9951729620912046 8.616312073978202 2.674178903928068 2.297088858822148 7.831227894611942 5.2809380420090015 6.283366844438334 2.999247812374785 7.702218633855744 2.3551347480167477
1.961316631969836 6.914429468071188 8.254491179064962 2.1686534267195157 3.278593661759187 0.8884446879239851 7.117683550102562 2.7510819242571203 7.360869926193466 6.9311884078851875
6.686968348672838 4.733671903839258 4.26910381990464 0.37520709348032355 7.681912274596261 8.667141679515396 0.9645340373074944 2.603460641636853 1.2809624619155566 5.962568358288279
7.761562253514203 4.713752823081741 7.020467882410267 9.66194605010374 9.602783381695112 7.502787154180181 1.5141503289025624 2.061690333814288 1.5882783915238168 4.873758334741871
6.516980843401276 7.2507769273363 6.091562297554119 7.818295044654118 2.0042951388876635 4.365903073599539 2.7605902862759746 0.7675838668871631 8.197265573927961 1.589796131858554
9.773371057427342 8.206163231529334 5.667804486471648 4.6850970237597585 7.409196887179091 2.1295212823384255 5.377286456182433 3.205767075264772 6.446304511790235 8.52345105644163
4.11098869940289 4.901445547107478 0.963645084298598 9.557827434411232 9.120388673425277 8.265484259653716 5.386974796731252 2.780901174906385 2.0291261668268414 0.5975000047235515
1.5773003788728497 5.856686256804197 5.308706573294175 7.338963518824652 7.102929623344198 7.735990252761633 1.057282028022986 8.828856197739686 0.4216043050334797 1.589047243594901
3.1482431609179455 4.000816977082476 0.6940778701435955 1.3944194925586735 2.853189976397713 4.06930996519963 8.833139385255784 1.305336094846794 1.8453570996865993 9.861177370769711
9.315278763781599 6.81160924668927 5.991567391725622 7.511597299264185 6.4344991179147035 8.80158409703327 6.894997918197186 9.33287273058269 8.858849957098451 7.133483413486621
5.495734719896161 5.341186749839966 6.297489595866644 1.4474636262509648 3.8945224976969235 5.66006201207872 1.6714122887983476 7.2351958291104985 2.9481087067392906 2.8216586949936246
4.2247335813647915 0.5576815972588207 7.114971180694404 9.872396781603433 5.061261228567749 8.66230637436088 1.1323201761074175 5.3285307216640865 6.7373376940580405 5.479277207988612
#
6.911321987691643 5.906445008413038 0.6433898967675367 2.9117014780085766 9.750172663712913 8.958612180037566 2.883549722757551 8.256915766305038 0.5474665726994781 6.87653437441367
6.813863605648248 9.645613064778878 1.6412091249812413 9.451533909305356 7.854142350937273 0.1621843523607085 6.514865989066862 8.64628596634052 2.88910159513799 0.11485710767210833
2.0363486763523766 4.366651950338076 1.5532685278922473 7.285076613266737 4.061026003936078 7.082472312714083 5.319300172587228 5.9367285138198005 5.585706448260626 2.4762438776963953
2.7537136593376546 3.0972905524185137 9.93533632761923 7.4200698045944025 2.5646791627664767 0.6387480729699009 8.941860703889247 2.009761298973989 3.144470971728319 6.259638528155545
5.508459919518432 1.9651229124551457 6.608933315230285 8.690917354808402 2.5518150601307426 5.391105967955921 3.8044451877368717 0.9668919125611168 1.1378158497130064 2.78460573701528
8.7900733865658 5.58059375889846 3.434636872816979 4.182008461056279 0.5082266753907838 8.195712813373122 7.289005071515917 3.650232628546709 0.2581481088437476 9.07694607540661
9.016872535521834 3.4677831596270625 8.28589269687326 6.543107907612135 8.072579502063473 6.374468103406128 9.08950378511555 6.58552548478719 8.741144321204896 0.6956908471290228
0.8979118107696786 9.936912756154062 3.3221705412194527 6.449769081780634 6.50108569726606 5.930802010600642 8.724361918557985 5.974604514968722 7.55352436977055 5.868036710521681
1.634836007348456 5.885461626908617 9.105105056905911 9.952025639592211 2.0417399715845796 7.5544335677997285 7.824782934010677 4.670200333073781 9.819390102235925 6.939388457077879
2.1556245310477964 9.363926782252715 6.947872568130929 0.36358189250193096 5.334677290074684 5.830203407625715 7.473317870619548 2.359507259798587 0.6509584317917367 0.47951352017221804
4.421595656096841 6.358776813537995 7.348734015016522 5.548018772131302 0.23580671820924692 6.365487776141494 1.808627730109409 7.174395808094273 7.891671884023042 6.343833517584445
6.5215178946665295 0.22560915650697577 6.169859538930435 8.888868532338847 0.12619901205790196 6.277128791955096 5.560851853762486 4.1882022179053635 8.69299262728146 9.690741955661387
2.96320421721628 6.3456280635659645 5.123836331948134 4.470966267124974 2.857613968571558 3.6058771121911413 6.973300716984854 3.5021065043173976 9.472807841310932 3.7407740273025754
5.355570360763364 1.877424704708956 8.77392671397513 4.516289353921611 7.610788952852783 3.5063585417476384 9.918025597480131 3.412436432056696 3.265734773086322 5.29278617562791
2.26207341242397 9.595563536776595 2.0606194868010044 1.3717210146183425 2.892157217101696 5.785317178078768 5.124717805156186 6.486375625882385 9.994215614149397 8.423800461174409
7.393384922422325 7.605212068663727 2.7883080955218307 1.8988547605576116 0.2829611414654547 3.0000768025056637 3.930418571359575 7.144786425213047 9.099726261815459 4.102891802311151
9.6837144626383 1.6114611825350345 9.809996767798438 0.9971107344019945 9.322074113290775 9.236415703707937 2.684902278342028 2.825984193518754 6.27867697012347 7.494009136511947
7.073857297078673 9.378081757907776 6.642853165579227 7.670220237160153 2.2697048538410347 1.7102840208588823 8.278328594409006 1.7824389235424896 9.284916011671283 6.863591963218896
8.947543529257537 8.962092977392508 3.6090377602398016 5.488859625798384 6.065968157052055 9.87998685015598 8.189925256962871 1.6684340303341 5.690417862949059 3.272696091193402
2.732069794130993 6.608367892996959 8.419586936074678 7.569465236044364 0.23402901733853554 1.5560133197591668 4.2774209366243845 5.764114708712817 6.72788026383563 6.2880238352897635
7.117155729715516 6.857097061981237 2.261063590904479 4.271433779020196 1.2726936400455169 9.138125524015194 4.059518163676727 4.848316648485678 6.671487645740036 7.638275999293727
9.699141317920095 4.881159506629025 9.447674564876984 9.424447293829743 5.5245183857796984 2.129396599014149 3.2707273407654665 6.2119092435953 4.470531638832886 8.791813923544673
5.70065951974845 7.649564694519984 2.12764094108195 1.5045445542909537 5.367450584917667 8.862108543285194 1.5638343124682623 0.42449718312697815 1.3902370276488911 5.550198632734874
5.185975041388528 0.7305012593931748 6.246903605944688 5.848534926585512 8.446015621813949 2.1535019802403403 3.822792145743219 0.5770007426680532 9.020338709808499 9.905148111878695
3.445525450561085 8.883747411201185 3.016457190636186 8.479183723365232 3.336501664455631 8.875681037228945 2.436742221933496 6.28494790376512 7.849857247946751 1.4868744202975352
#
1.4691699184056297 9.410944054313223 4.0413301370319274 7.171148806955001 5.5282176716900935 2.5551010553504105 6.425974177982652 8.424607661919344 0.6479313275771981 4.991538169337795
2.6352092913550345 9.355226324010925 6.721985987148244 5.472217921778144 1.283661199415489 7.488990167095091 3.476443037932376 1.4644231284536469 1.9409243022536211 5.476649776386714
0.8785811310234894 5.41704791112967 1.1434109896871747 2.8915757542107197 7.6879233514279885 4.765719434413062 9.479412915750736 3.0105876929500575 1.124118951352806 1.5932812672674839
4.990986487348794 6.124167445552109 4.550015372550118 5.104898550350894 9.722939356549862 1.8694416296713614 6.10807452610649 3.995236119033125 5.759025360017322 2.212975538676366
4.346063732820578 2.52934729428481 3.2461052240096278 9.303715125367445 2.3341706710830725 1.124769608740408 7.778157329216636 3.9667499279409526 8.346249773073069 9.858331399901846
9.686696104876859 9.896732300973202 9.272844495932302 5.755084620603613 0.7218671351140049 3.26460195321464 4.7623887056048 8.206365704782392 4.405840417965278 2.514560760665815
5.287501298714779 2.17059148345622 1.7457392426663398 8.759867915420298 3.9596867669861964 8.066727755362336 6.8247238777053365 6.357938670159303 8.295829440570863 7.535130898697565
5.751888991520248 5.8328469282907545 8.897412839077276 9.399953334068403 2.2233674069338862 3.672288636542458 7.520604168872955 9.98709912417389 4.881026695792336 0.5982003976004657
4.652130867611182 1.8035068279489654 4.235994989724363 5.369331659171575 8.465682632130497 6.692546763397415 0.7766050921814989 5.290470318645348 8.313566736030293 5.563001343378099
4.1110507068366395 7.703707683564561 2.1413474490845914 9.112812199900581 2.8017762180072663 8.815196442526112 7.480890679157081 8.436725835941434 1.867493981732403 2.9383323557880545
9.085618262536734 5.535973238615778 7.41576028218627 7.592649110416567 1.249911397555822 5.6772517768962425 2.5030633455731586 1.6099130435520577 6.805666048185822 5.340856167997899
8.479506511923276 1.8912101367118788 3.411759137818999 3.314930704833225 4.92992217004763 7.348967866552753 4.8710872990128316 5.994561400414575 7.195431601220144 7.335250573345752
2.696441716315793 5.614695491726672 7.898992267146006 9.959878174241139 1.233388429899557 8.070148571399075 6.359981619289606 7.776253278489749 3.3547535241126902 4.634539823579727
6.00200225327909 3.975625756970985 1.8866148743863715 4.499447237339208 0.563919089621379 3.245754079054052 9.4598365781386 5.693018281982051 3.619283759703227 2.3165405522954043
4.695175341992912 5.455148647447384 4.9865988546136295 2.210852531474282 2.29116592377917 9.363470207833096 8.1226643107535 6.955651332811836 1.682648888191359 5.132050036099285
9.41159764599558 7.4749053655715905 9.355551655009751 0.5394819648213405 1.1315590458646319 8.093378377972027 0.5743662392544477 2.407355568850728 1.9926450321317284 8.84336178588992
1.5769273822957013 5.713688738123441 8.063025860165485 6.167173806372372 7.488805364151207 5.961748413069115 8.2329065944494 8.250899948040233 5.985605026952831 6.926478053437657
3.596979076565937 3.801107387116902 2.834965184630119 7.040708453997669 3.5496463851071067 4.41684190958432 5.866595291815837 3.6734459242372415 0.6129117482721131 0.8978696334520047
1.4657737084933955 8.415749367202109 1.315018882594308 9.393512607795074 4.702882888366673 0.12985197391357506 2.2010452056189633 2.3392834134607767 6.533485140368223 2.479643452942754
3.1121674936642325 9.815521247281115 5.831382178138332 9.955974644819735 1.5484430882377644 8.526413382584325 2.4795329800875696 3.148346382169599 8.413826207831463 6.648226629150619
0.7390051337166232 8.406299824769679 9.019150336568512 8.96906512219437 7.505452929845884 3.3912761584486057 2.2532271914191604 1.6169813792842858 5.593336400632592 8.971378194708699
6.098948986979423 0.7749352894548638 1.1375130295724403 1.6751410444325625 9.562123493177845 7.179338368291347 9.275869638571951 1.789007622408449 9.456102391869319 2.9987832095587583
1.1790237644522037 4.086887050009539 3.0372102910855805 6.163606891039201 7.594005095736125 1.8353667872458148 4.43379700919236 7.825579298840738 0.5174280428717442 1.0666486287993955
6.197179694764125 3.2955545861612894 1.2972914364997505 5.72346255585399 5.683234879964319 3.951935835462514 0.8424589368729984 6.3231421203057145 4.543271464247552 5.758647027311066
7.079773065803986 3.3203715811181747 9.996098426390928 2.5852459712268887 1.4100383816426705 1.4660904140947593 5.688523030010639 1.322529872710008 3.947762141166665 2.8806195493858815
#
1.8799495904310484 0.8600714153167957 9.381678488718272 4.156887203014197 1.9304199327203486 2.546966503396855 7.966115737151382 1.9308585417878015 8.162293150791035 2.423357801761794
8.153096169769555 6.658324553912581 0.5236950810238934 3.2862886549756603 8.294557185225319 7.761801809983282 6.4160345968012775 9.040665805058243 1.0833550256056137 8.510549817574338
8.69694601666344 0.25825660398887784 7.79171843864995 0.26581940872497345 0.6141615135046097 7.223308491654068 8.274019454634754 0.7851637407753529 7.862078417328204 9.71023770735139
7.625597660796624 8.497305494418207 9.378518207168327 8.893223498282774 9.970948818866384 6.5556503257960195 8.037961019875473 8.530779253593828 6.375082749413578 2.9919850686662794
5.284250609538111 3.8550901124964208 6.461118627318907 3.440906875229186 9.552927941270855 1.5914837939062814 5.385065686478062 1.1816766412071127 8.985395786360698 0.2471791595446824
8.745615838350638 0.7958723860899619 6.160190463766965 6.0354930004769685 8.84121583909523 1.3186721026125992 7.26876459904452 9.728844618978641 1.7187213814278879 6.5425399844284495
4.933020229796651 9.61452104706888 9.962227513993213 5.140896229443815 8.291636653766417 9.39125970100082 9.050502342474765 1.7485028066436064 1.4114118482594868 3.5241615672535636
0.27930838475686137 6.184543819407593 5.856118771574954 2.9638734761424996 7.75728920579592 3.1396199693646327 2.5806735424629115 5.298162794776299 1.0847666772396223 3.2529250436469273
0.7435274996779686 4.417672614652587 3.888957041813749 2.378568503057716 2.3113353047197065 7.891133262296471 1.561319506613379 6.756208473235883 1.2566319260063183 1.7277911804797568
4.966678980928072 4.805009924679764 7.5660698190601705 9.679475686007523 6.452428903570964 1.7771969569444646 9.718828619357392 5.092205111645676 3.2747397479658806 7.007496831300085
8.413319270956173 1.2377333436365547 4.637943596273647 9.24495138043886 0.2920052856071855 0.8765902823364797 3.5878517003352406 6.441931446802786 0.5145010412122355 1.890237186346258
3.1620256678462084 3.676633091579804 2.6028028110165153 1.5717620139293746 9.780835728098367 3.988821849818067 8.961344063773598 2.2465440781080495 0.8646048638305164 4.486139408484133
0.9971287343295119 8.626350969396613 8.52025561406516 9.271434054435565 1.1375684400292965 1.1852301320841603 9.480757044030064 8.805655512832026 7.763433413862584 7.059089500994675
8.120392380601352 5.048810681700429 3.335976181362284 6.815271889643109 5.947373079484648 1.7876974332932605 7.483412542993532 9.223402567481017 9.316837558887627 9.119704853666413
9.40246795782644 7.6695394531170695 0.5935189850264031 4.529522373243124 7.513700990370405 1.2014930078181183 9.005861468835702 0.9051927272824551 5.921749718201288 2.737978721546935
5.863873695399117 7.42985504141074 3.8240712631433436 3.3145360756117235 8.047510443580688 2.6540817762501723 0.4542579184529032 1.2478722010035699 2.9109167627666412 6.631478294749157
6.553675229638739 7.141095331355719 6.678350516298868 9.781328143326409 2.316010625116995 0.6134604291206829 8.329968187464393 6.340939865003093 2.5521903709513576 9.648178781684996
6.630958269951157 6.546242642588038 9.345708930910497 6.122343531267798 5.418899789957539 0.40105010044086953 7.63010600991084 9.676335098577276 4.543288346238734 7.504040337762339
9.301871715195446 0.6936601630280856 6.04820885092444 4.8109750439554855 7.384535707192155 7.169261520663104 0.9073538664861935 4.452066866471913 5.041843183825687 4.674227388697729
7.362214881976185 1.8731622001675796 3.3493177511494876 1.2329840204638853 4.387456072479825 2.5424071717756815 2.3426954173931605 7.842548834810161 5.710346382777287 9.401907403802479
1.281571453700673 8.179655958323194 1.0392272870496901 3.7037197024453707 3.5498309091431626 9.561665757026446 6.920420827732985 6.557962255018754 3.437152801218245 6.972577421395708
6.106760658173998 8.83406870152896 8.911356983464527 3.198089625581188 5.3111170192158585 5.349964384874321 4.802668606409028 1.1728584193212113 9.832008344163654 1.3459929453432538
5.567805369365449 4.67490864988065 2.6846874409435983 8.303912874021082 6.29397832379769 9.997760493459126 3.0870035650294745 1.1516363042410545 2.452520199120631 7.422437858831239
8.727341142827026 3.0581350719807983 1.8620770385051322 8.807191995311806 0.9603262378858224 5.027453861054371 3.8577076278877693 4.942547511447349 1.2295109795125923 4.039968937749501
8.916937772363177 4.875518724887054 1.0680950724561917 1.7989021150276296 0.9149791073903852 3.6600258545740565 2.192358837985051 8.50943491234431 7.99411468548796 6.137407907794092
#
2.5905229949253896 5.92432563483583 7.453934083134852 6.313463748982983 1.0197233824920193 0.3784411357781936 1.2063555675689956 2.896360367291225 0.2082083206992147 0.5724088848620665
8.616379173208582 3.864535775574514 4.484129112314928 5.914486554978528 2.198812211921627 3.2467268150524995 1.449533120030428 1.1729541630770433 6.379407482670947 2.138483510559537
9.812553769411181 0.3688149663197837 4.464642036732901 2.0688714405100024 4.057439198556225 1.1807654285875064 6.8318356147226496 9.636199254818774 5.228751538362994 6.304278680322291
3.2597353504527673 8.15931128496521 6.838799632012099 0.49938216471331653 5.280877774867899 5.912917684615338 8.62037593852039 7.795021244405076 2.870977237848792 8.26392541153215
7.594957282451205 8.272934081364175 4.606718290587123 6.1374402887624315 6.378415564267993 2.934209148419138 7.941716135826827 1.9696789617230364 5.89226724068687 2.4200249846023563
0.5731548503560839 1.6264688670114769 9.871787259662941 7.555493062572902 2.1493423488920884 9.506901903021358 2.410632887962421 1.9117697581094149 6.673175692726666 4.513764677956646
3.395169891520675 7.004709419551005 3.1770176551134828 7.954384565028452 2.1673405499470744 2.7989185260955516 7.091681839977783 0.6769594665446688 5.6090923487113535 6.477632225055162
5.557343025018308 1.254532930232708 3.2385302464451007 5.087042352565807 8.551349803107174 3.3832460424940205 2.0017619919618035 9.213363268683516 0.1886016789447984 9.117312516008344
4.382411455067902 1.3671844589331146 0.9568488473554249 3.250387070002124 8.184917577550495 4.651035967679004 9.23342327165497 5.99982324783919 3.408125005699257 0.4088854027350628
7.751071990723972 6.683426433623169 2.312968768752871 2.1461327836374124 0.11281764604216793 4.5046836488309046 0.20528013195266936 2.579745512392778 1.9119765601963676 7.708221442568633
8.15275143047393 1.30257073525632 7.447451483806933 5.35604000005546 9.517792525321198 4.962869342023709 1.2572465927589787 0.11348397067363436 0.4026461839099982 3.3064009658425118
1.5715884986849469 2.6310364660529966 7.574384105211213 7.081390171086273 0.8238333868267551 7.419657673330432 9.386938054169747 5.6345783259916535 6.593830550844742 1.6319501987616412
4.4331280153438275 9.212653644187995 0.9460070408405752 1.8306066512085044 7.10865295027817 5.092972509247011 2.467351724490838 3.832720512985885 3.5752458340779985 2.8197562923584494
9.175904188637134 3.0350183821248398 2.5493107144719245 7.254665049981481 7.894852240021539 6.136808083086928 7.374398786044773 7.643820066865026 4.150460869306805 8.155247164565429
2.338259720310629 9.103799138999031 7.736485625334662 6.633570361622509 1.5175004014669682 7.930412621605306 6.623056073573664 3.7098379236785313 0.42653657330119366 6.605671292253693
7.0446045036182285 8.597948074934061 4.881107466116339 9.997590673167164 9.219330183572445 2.566902127307118 6.385679986033514 0.6173305518383456 0.3544567613639993 2.0593265991912513
2.505323958060546 9.559487611360263 3.520014678074516 8.809353932053632 8.547952346177295 8.67366806276228 2.2862139129862684 9.061356121281012 1.5984119196767943 1.8713609189077651
8.403730701039017 7.082343007817944 9.912567020920704 3.6743227735684068 7.777529526135774 1.0332910889022262 8.81502635485144 7.21971889489091 8.630425192713837 3.8113480181808925
9.04931047942939 3.3107681023098454 0.6453418343549924 0.42335991917023374 9.169595996597689 3.8110179503590373 5.168330712131767 4.509672685214242 6.234710163689384 4.637933820669524
5.912923852857883 8.095880833511679 8.18862735592728 8.072196858963508 9.358229702619889 5.508688757628828 4.587613152767907 1.0338019535373428 6.708643062007297 1.0887641455835575
9.489542022868886 5.977197696228325 2.8951791442337393 3.4743045478882975 0.49881845280733295 1.076851238502853 7.355644371361855 6.540272371585079 7.777280237858016 7.160036330765587
0.9785129253120424 6.463075287899253 9.53472483516315 5.205866058486483 1.2527138588025029 9.751390181668427 5.412468327573144 8.398969935730324 7.812160727442745 6.901993873890488
2.4482019637241494 9.452467125678078 0.9651563613477991 9.932433533315182 1.728426046152232 2.0938913512844337 6.9523053608840115 8.030051680230548 7.906609638700404 9.927146132401457
6.609480062164245 1.42305207799027 9.565276822777296 6.689503155215528 8.368749094688974 4.64457336903889 9.087037034387942 3.763516019474136 2.7637275752177755 2.703877657175501
4.568151278006414 8.795592502259089 4.55023112043278 2.6853507552145395 6.824548064352607 7.3481388418465245 6.042395920816901 7.130812691240761 6.014243925843445 6.2469626076279585
#
1.145742163550048 3.0309222172901316 3.2024817162315546 4.1441822829875585 6.5043376542055835 6.10764992236105 7.585188480451514 6.325677788927145 6.420922458793717 8.417951604972583
6.673179659671891 4.641694853546027 5.287914787637516 7.2740792361144155 8.849073066771746 4.709666334735152 1.3410864702870802 3.2958343537631056 4.39755004182168 4.7425480279122825
9.66900819454319 7.537587472746984 2.905294329010717 3.071313473773494 7.32514221374298 9.572667857171657 1.1403842842416796 9.886815470372516 1.6952759491385132 3.2956262585580407
8.140118752184817 8.13509130719702 0.5025927026878554 9.945272453570569 4.046321118854992 0.13387273221366858 6.80287642130928 0.11078110026679422 4.192544245753098 5.736449188922171
0.7671827651600305 9.368620316944696 6.176727399864869 6.3703424711526235 7.936970378525316 7.810163982505948 4.713417834034985 1.1384253071128443 5.91424372537626 2.7551373178384115
8.683695412318617 8.356186449924992 7.3406843363285725 7.081200990903005 3.392683306066944 2.9280589795620315 4.418896178684406 2.1098666891827866 7.368029983415741 0.9099621548689809
0.6984237404652918 4.301457268570423 0.45612568580688073 9.312697301260823 0.6253668752208732 0.6971836517209145 0.7510293296307857 8.01621410629391 3.9063965328634707 4.054595205398415
0.44114018026533053 2.5579530169740208 6.084677035998245 7.121900475111767 6.121222026755852 9.790682193250554 7.571451820438135 7.054801223986969 7.217047979023086 8.0558017578688
9.76743088311456 7.788703620209988 9.516653659373208 6.393833425348586 1.2689903964099911 4.293880659049349 7.851028944342637 9.592294467343553 3.1007451209124977 2.9401165222493266
9.29703742194619 8.893074632958294 8.677333762177112 0.7963618416679932 8.500216077396232 4.512550737397408 1.069976886622602 0.25801194419805196 7.109526325939113 8.02260758650317
9.366714984624814 3.472532086335712 9.864664564564514 4.445102987483866 4.731171691087347 4.489535055970665 4.373125006869231 3.429862065305901 7.743131876711997 7.347079842653377
5.050907356315504 8.484634027195776 6.476767043752309 7.688208148590803 7.234830144067488 0.7805796117127359 9.208105033230527 4.189279106384906 6.879418813816602 2.2952119405253812
6.661698471943778 7.645014172698142 6.994417130608209 0.8682190897684121 1.7305142982119026 7.784759296484934 7.05925157410308 4.43650287382456 5.86790693309575 5.002365304378878
9.206382049004636 9.357849691856618 4.0952958052384885 0.32439950552638575 3.694879041156936 8.967668653749318 8.515170416716758 1.5082423811215535 8.763527741635574 4.515012449343924
6.578826494475088 8.168949076351465 6.459023826687835 4.661195042406021 3.5811525187061983 7.594598127539409 7.620484252267165 4.215167520000871 5.728954237159098 6.297609175869173
8.453001527605347 0.8705162138260238 5.642068291989171 1.8155396192952846 6.522836699959085 0.11874235825816637 8.532265601815253 5.147292913635562 4.667425695764233 6.046549402362794
6.660678856379976 9.19715396169274 5.093307604324843 1.8461307231560649 9.015312880642087 6.316583731809301 1.5901935271081031 4.1932240893466455 0.5584732713663181 3.54478617648007
8.3557041283943 9.327935465024304 8.115523807044497 0.6156815173722991 3.733278261866252 2.7021343703037437 9.288844172572448 2.1409684640567206 2.2018614789358946 9.646065358770095
9.459356709152775 3.499551959859568 8.875079250946893 6.057697481943224 7.907586599806693 4.791620567147997 3.931435388625002 6.79176966157783 1.181369402336741 9.6983973762366
4.991281417394355 6.1778591686458935 0.5748011326242235 7.180452203990531 2.7745290369085334 9.219379605578581 1.9503120562295222 8.636475964353064 8.421758311887215 6.812779124421715
8.112183703706176 5.769105757381559 1.4733085740411904 4.979742161517437 6.006725716394541 9.25860160207576 9.38430768366305 3.0921936662965903 7.695189737073423 2.3667416839899356
6.9213206673672705 5.753199671605415 4.798174472373951 6.403352549521568 6.723324945260147 6.473011300904446 7.995020541233249 1.4566368586166378 7.190302193523455 4.592298942581354
3.380900773413223 6.788909180587835 1.0112232930169487 5.387233212901567 8.758720154387113 4.607742656804096 0.1858668009834048 4.132479621698725 2.7766296254532943 6.993863265762074
6.806131107396476 9.357323351294577 5.5012584756015 8.165657887914138 3.8534140493263056 5.855993322982917 1.7032100977499987 0.7312306310239318 2.0624840501724933 8.55602648116323
4.916748509688011 6.95656589232538 4.4756699669700275 7.644303342675395 4.489249025620345 4.600166017317717 8.964670668895046 9.823601891653054 8.002805368125626 6.692053769608506
#
3.416020432223105 2.769458928243131 4.121849656051921 9.61200182709424 4.878643730359301 3.5369744246096753 1.623223175125481 9.136582481438897 3.450852984236752 6.258874809371511
9.583077872878192 5.677545996994605 1.005862504769084 0.47706287233789 0.8114472861079136 8.166495770825188 5.588735816008117 1.6723021315462656 7.859758964509181 0.6439227882060035
4.894762728839359 4.730943638989921 5.774755378888164 9.640795605115311 2.092646959061419 2.877844308160209 1.575393829500627 0.766110820955622 6.438920143523468 3.1864995808192758
5.3593855155886585 0.7426653633109908 6.734186805478341 9.503132373828706 7.382856368583827 2.907323740738752 4.664073954362905 8.106378062082543 0.10705910987617884 9.531508006779827
6.93149195641314 5.394892459815575 6.406080152829196 6.110024940073496 5.42155202591595 7.735843086239379 5.058227654152603 6.474897849588864 7.820235344178563 0.808899635974992
6.925710185611553 2.1101552320085823 1.0991879637700475 6.645752654479759 4.870183911947576 3.834790304113363 6.987589427790974 4.999586697819081 2.006193966431588 1.0727568992466563
2.7979211378721334 1.4465242370256508 9.117643957624129 0.2148147527977855 1.0665033869716574 9.260802060368192 7.848219816968362 6.637598947781976 4.218140126547809 7.432140343003473
4.8932293604461545 9.235110931397674 2.640040246930448 4.416847842714481 9.417389185486218 5.70917210936527 1.945263405026696 7.796334572962097 7.5551729132666186 4.641826647867408
4.537781103720837 6.675169779971514 2.1390576342560945 1.765258915888904 9.714394489690754 5.874114524695117 4.246461679040562 7.543193393315466 0.35967057440655026 7.400178533943877
5.720084258278385 5.37493207995429 1.9916771274622707 9.256309157215597 1.9030981011346673 2.668916337336161 7.71675040476647 5.066236935000922 8.938653273086215 8.748774441843567
9.99377066626767 1.3298362274607256 6.74064817784602 8.767874538576667 8.831506476733253 0.6007728152095275 1.2785880504242577 7.975615501433056 5.100450459157687 0.26483508306900827
0.7492900050942062 5.26871909467008 2.7319139399756476 4.387110611711887 0.6368241552465648 0.376756733033516 1.3153408252087746 9.854049535469164 7.159913592881037 8.093784712102213
1.5149155551718811 2.831911743218524 6.290494251004535 5.97273642952152 7.145054287369143 5.292432495146625 5.648764656879651 1.393417565744234 6.446653211116011 1.1720787497754386
1.1998674407950287 8.494636208201907 3.7648648407810517 4.8081743737119655 0.35200593373784894 3.7659046299094108 9.496040814985996 4.3087342089178815 5.608989295726406 3.953212108463797
0.13926014117646446 3.9201960301190137 4.96690693160447 1.370066998996787 5.685734530290527 8.942748412185523 7.573065772448449 4.8861502833050094 2.4431684449997655 7.937685728698895
6.279566446372672 2.869768232344595 5.114005801422523 4.724676478671533 3.959993113812523 3.670089005753418 5.810702243740834 1.0873095997696063 9.903367273871174 3.654030580982573
5.167961235325309 4.48713647400428 1.9775140104646591 4.923317722574183 6.072133405372066 1.3368376437543974 9.983363543365467 5.774173314386088 4.064543845321644 2.240024533865513
1.2271558103564089 9.646630658837182 4.811441156561822 0.7297340415836615 3.7445793650333252 1.3853399593931015 6.853084002459209 5.466116829173666 2.8473886889632296 9.53500871953671
0.9670064860528811 1.7801888311817748 8.538991533240534 8.867733484906548 2.9647934063605015 2.065460109644443 6.837641897142781 8.425289225060327 6.886803809049726 1.985843028020077
0.6763369396623071 3.603625496209977 7.127234926162576 8.931866371487702 7.1166818215201335 3.184579097580765 2.9776028292317878 7.368878824407905 4.443456666030329 9.458797715629636
7.3589082959827286 7.813225609055539 4.434679685622612 5.668445614892628 6.219204317561632 4.015243827939322 1.2785615864509157 2.185706651172532 2.9083786392953193 6.568972208378597
9.873971534386271 2.7582416610811467 1.3997879888046967 2.365740900467089 8.728086529760176 0.4195522833311811 3.017822820173535 1.3212871401038218 6.6146366921869655 7.971102277194406
3.5798615235206346 5.7779019086686665 8.388145919385867 3.6753248018038747 4.765339619576777 8.896347805332939 9.584622100236505 4.19332741432435 1.8285391143938847 5.249456025869459
2.489981316807675 2.549122460908052 9.157718895750055 2.8224532780406184 5.060107755686647 5.191931685093309 3.1339345254897917 8.75749115511018 3.3648468088626036 5.680151129800396
6.046486560510584 0.15353818894446292 1.153779837676272 5.340403535168246 5.276711507357357 8.917735508682146 3.03102224377939 1.9424576337664519 8.702852314047714 3.1676231082337027
#
2.678741504072384 0.18428690569342265 0.7153920962627485 6.625147437414887 1.250651471410098 4.204857514648432 3.075121222558692 1.3642522156504566 0.2773247000824943 6.643365629900565
6.16390651411235 3.556766212756458 0.40522024039067706 1.476035861560617 3.701836214831992 1.6314146980367163 4.976977564889699 2.670894529139831 5.448065999825035 0.2360612089247578
7.178746848583396 3.6920443418533644 7.843622263449622 6.13462024249244 6.34463028118355 6.783688869684396 8.259983042466915 0.6452927373571535 1.679853120732552 7.3736188122359145
2.892393645654058 9.353768113209812 1.1055295763433741 7.566458552031884 0.6330308197725163 8.230893380120605 0.5267911584528138 1.1276320927957144 8.02215543311838 4.18810270082627
4.823627794388129 4.84557362687671 4.171752137393167 0.6827246688382518 6.439363127525282 6.82659068616959 8.73374956650281 9.976475246093813 7.888491843812748 5.245681324204355
6.116860927144732 9.421406479336184 7.713417103552124 4.2454185476283115 6.4306437358215085 1.7078678423440703 2.72147093246958 3.6297063124318854 4.969265738087535 5.026656786277112
4.803993075144009 2.655924536405579 6.424036960274456 5.599236792546985 5.998197517159441 3.5425714109075654 3.556225322886888 4.30859185528443 9.053326113662525 5.365464039709294
5.678732463980264 6.525954801886332 9.007107774228116 8.387639720118056 8.977384241979426 2.826195822324649 0.14526288765372275 6.56247881923627 0.967366733545755 7.923921814089157
3.8301539017306996 7.15361431897702 1.9831066218281874 4.147157535701328 6.1927082582942 3.3498334286734073 9.940783923047313 3.035237161113237 1.4687646630263802 5.671794942934484
7.424378008529166 8.524222881992866 1.4896075164758615 2.743281573032327 7.436328609657085 6.253542040987765 9.604184780585157 6.5347915538551264 5.431457393635403 1.0494556369491512
7.775968352245625 8.694827347515343 6.594588714522446 4.028204981279141 3.422195227949925 7.108511716886078 2.8788764837963683 5.123676402511466 0.13228431755729986 8.152379212994683
3.3468165311023625 5.88360578574557 3.9842185521810825 6.554012168735269 8.718889445012643 4.318573650663852 8.389260199954562 5.125200179702416 1.057892580308926 2.784897377792489
9.06420811517495 6.691451902650635 2.1649612748564593 4.67804622464535 6.393671370680368 9.455376973353648 9.815044660648574 9.781198183803632 3.547341331769093 6.216776069944439
1.529991486780343 5.014090902955292 5.964743062554566 3.1444643724464028 5.390917239557234 9.713960841033598 0.9708675223684091 6.988686268552832 4.7285919780793115 4.796201817236422
1.2306011149614582 1.1509642377963667 9.298383783793167 1.18880852873875 0.7255495459482884 8.721149499684374 5.226281777274861 1.5047969105548216 4.881578057383089 6.24559526315322
5.152907217574051 3.8892993700549234 9.09914455228698 2.2766248958945794 6.812013923507653 2.820315788376684 0.8116128628518462 4.489517752160205 0.6791547869400008 1.2939715159460832
3.4064877913930656 8.319681704875473 7.52671307089662 7.570141239468972 0.42798531276126894 8.395650035921868 2.2995777446892056 3.2039273830954746 0.931819170196964 7.7302216574736455
4.6227317558770835 0.642544517920479 7.5038375464160545 7.750198038807184 9.984723117606418 0.7957756258188216 7.9539785328563255 8.466831483439735 2.7020350975571277 7.845205749966019
7.995296611577574 6.0123959724703795 4.209156982544613 0.4093015332145846 5.153469025530729 4.055232260843094 1.2184881341570257 8.709678507074639 0.49290099680491206 2.747147152548923
3.3114290608468995 7.432423588885559 6.4275343030871674 2.6088078602121225 8.687105115837674 3.1769947892816255 6.997588895784595 1.0653274769930463 1.1050987974403186 6.905272559881041
8.418461430042157 2.3304179893062487 4.7588624416638305 5.146649902010488 2.6767517318312892 7.083953880317033 0.6807938982804282 5.21093097623925 3.2505885728403427 6.3011249104633755
8.509442189303098 1.5085901031174203 5.417558614413151 9.147289109858054 8.31411364662091 2.412696667588943 4.692314761886912 8.899573853809752 0.7150467668811427 4.265550153845816
9.02361661439613 9.349732722621349 9.349736565095311 3.9906405155641584 3.5089801324203096 5.394271237576444 7.86695750179164 1.3341599856932085 1.937351027360966 3.11995851876446
6.848896641679783 4.648460832447387 4.817308791789065 4.344083070031852 1.4932987417195216 0.6964593442265077 2.1395391213683266 9.71299106929521 1.7605775494153089 8.243861254908577
8.35484381530081 7.769222198850294 7.594557545297909 1.5754752337060576 7.642281449933602 1.097376344480406 4.34940988684525 1.1744045990343213 8.859835820205006 5.51253148053366
#
9.523335530276722 2.7699363400740395 9.896020306913652 6.427952738590061 4.172740612091204 7.3819596361210476 8.85857422559256 9.159219814024219 6.899191970459463 1.9809517960834668
7.953476962075447 6.250163533655034 1.547936819819253 7.587089334110983 3.63613191083682 4.402411628852694 0.6188235731024347 4.1635689079560265 6.233683282691912 5.09756551034459
9.3873320771701 2.1319207148584347 5.579513032555001 4.028329033027013 5.4098551179654555 1.9660591000029952 0.623267867922146 8.801559165900471 4.770329485768529 3.8996210342155813
2.95726281432604 5.7826720923028585 0.4388746880434624 0.3008916946944993 7.385749744562374 3.3331113600132776 7.119328218854342 8.54184943029933 2.4597891710022903 1.936731547719503
7.546365359028886 7.905599038083013 6.394253372946813 6.031501340791933 7.456883259119206 4.54041409503911 3.726964606921413 0.5120505017140058 0.7253997563094359 4.763919204243906
2.232230758872402 8.072298969193897 4.466440042554503 7.029278755881656 0.6266458704547588 0.1414241224740218 1.1469434034305022 1.1530862607534704 6.748918304359289 8.82679927094765
1.7084013814941046 5.347751746838389 3.1742168603987 3.0667539738856147 6.745293053494602 6.3122331177495035 0.4463764742008349 8.944007303005552 9.789144963943201 7.917047072659956
6.887958155534686 7.426097141061001 0.7342994308062591 8.184710717837957 2.998397998662758 3.5973918025259373 6.1954225938872955 8.538268862312723 1.9270633392448215 0.591364841568601
0.5374913235864343 1.5945926480797565 8.90510047926919 2.090372733105992 4.60842824682091 3.5533966443043656 5.043516252770441 1.0435678673427473 9.45665692978228 8.720459894316843
8.350865381839887 3.5734902729567812 5.847223451267281 1.04568965749249 1.218089717782123 0.770229644170084 8.721642315986482 9.58492232261573 2.3360101143098455 7.613213701444495
6.195507852091805 0.6186222823263661 6.732238389966599 8.175558398949345 4.497473846899223 2.4558346959543025 0.7584901301675684 2.188538081952961 3.841144230121547 8.258954271350278
6.774863829539359 3.8512893479320427 1.3286393832598433 0.6619282477795903 8.18629176102958 5.496441735105226 2.773199683829024 5.341240099605927 9.991149714086472 4.950672313152038
8.418052979900514 3.7986428768720106 9.05636511410269 4.276001793664415 0.45814037535063434 7.615951352349006 5.384490055296219 6.555046531838609 9.48513406443762 3.224478918471019
9.524105809157273 4.607147188591107 4.728661497584232 2.337871533629454 7.347236641868306 5.602098419133597 6.331746495953237 1.901016713434601 6.926710681006478 9.809075673543633
8.908021660744684 8.067077729366039 2.411091232639991 1.048447067057352 2.3993640159371687 2.504686298699743 7.995200683419872 9.335222646590607 9.268208762006417 7.651509410469213
9.418307728080151 2.3170182729994453 9.881139371062428 4.892925323253247 1.556549869269726 8.13774052126979 5.500671008124638 5.805394489470729 0.2961571720769056 3.2592078712091794
1.8602504388685919 0.42916216318941647 9.671603454933877 0.45387588848915694 8.227785740694447 9.886098398346476 8.272584517654634 2.5024033666710372 9.891308113057471 2.0372049441298477
7.848242445382812 3.462259173419387 2.4848815217462557 5.527565384650967 9.060223524996598 3.061465335174339 8.157086262038696 0.7825708753039526 6.406276008360152 6.189222265416575
7.758843130387563 3.4292829258784843 4.709611694156101 3.4861511786319666 9.629829184426885 4.2504008602584715 1.1612936514456038 0.3221655829046304 1.9471991613500745 3.7732792917227553
1.1578657313268312 8.780534374651157 7.8224456495308425 0.7472264928503947 5.383593659366852 6.816058458123836 3.3358509840177955 5.373446245753077 3.580853084644967 2.4075890792435004
6.812022053325088 9.43110338765688 6.3691403691934285 2.84624469664326 6.130455007632369 7.746829410804629 5.895698648306006 4.541110673102343 3.1872247987979145 0.22392803611558065
2.7883935865337013 9.170989337126024 1.2824691957636891 8.39224733045377 3.905597708573471 7.514399170424882 2.8720884435163083 0.6013157150594779 5.600876019138581 4.907492946497512
9.888151436564083 4.566007059979254 4.125602289423254 6.335938148686182 3.777097924828319 0.14017867916034898 1.958804412351177 3.0289766346521154 9.260599587115134 5.995212251424141
4.346287396153501 7.9193163082397815 7.843145923454582 3.675766036292949 0.9620137939024742 8.157836480300835 3.2354659230181633 0.9843036534344547 2.379562993866755 9.603018872102961
8.77147312032093 2.6847027854841903 1.6126308551203992 6.271685965620374 4.678317781753912 1.2547435148630157 6.546597902010334 0.659197168496716 2.8810643151707627 1.5766073505456109
#
4.144237864016144 1.029759896821286 5.6719909713421925 9.178459505277793 0.4334553452868608 8.07290966669631 4.058825992818183 6.850629883259682 6.164577296659019 0.8894703956645609
1.6363996061231938 2.724938383739194 5.536609692449358 4.826174561697099 8.42848280958796 7.264001139163506 8.78276008677966 4.732325779409689 5.760064418453273 2.1672663074492626
3.463628555534786 4.721220169884902 8.089794815760058 6.456516602054824 0.22579581499467416 3.397943604515852 1.9863897173284526 2.505132021069324 2.2570664291286526 0.7394149299919173
4.175626358442387 5.201324560831144 3.2276687896059983 2.7489969130603122 1.8385542058359254 1.3869145900097006 3.6875396001007266 3.206633351453727 2.6088915901861363 1.3132369750559412
8.743513751540686 8.501943282119917 8.399770461127574 9.963474801325582 7.639471889214933 0.6349648588534826 1.8352993699222098 9.009874851061003 9.845310368969876 5.231277986890934
2.0048997234680916 9.67889989808409 9.154644195107894 4.946097982743778 1.688961353744138 1.6401191047835435 0.2627807909186881 2.0514066840990925 2.419724792188435 2.6335020020332887
7.627060396358617 1.634454263207608 9.456636548765617 9.974844416702364 3.1105565865897935 2.642692598140028 6.286152739482036 3.252947761957288 5.080708710763303 6.802061074611745
8.610934779457965 3.2878789897164977 9.037317758609381 4.245592166598791 8.118012932633984 3.244807996040864 0.3701610815292593 8.538193718550772 4.632895396855402 7.680863313779902
3.7867566181665184 8.20723163291282 3.037584882738903 2.9165299188034908 8.819616228032302 3.1558161008418106 2.6374102913279573 2.9020679808808647 1.3561210613013523 2.2004218627583283
6.044834441923265 4.806379159273668 5.131881559635951 6.528528074659064 5.378096088727027 0.4275927695859201 9.449414986604689 2.3487312939713547 0.715143780704854 6.382146080940064
4.222735103050418 5.420391165434939 2.7574966890522035 7.76319897915544 6.069268673918971 2.497983422118235 1.1404120136728535 6.82794754739803 7.669843538715467 5.364640715325866
4.133646996175788 6.816115154783734 9.091059883344233 9.449931026017278 7.049267065711149 1.8409774999578894 1.613584941174738 9.074796339153497 7.816994693378684 9.91255520998094
1.594525166215497 7.384239198205583 4.598546941240445 2.658034259757966 1.177849394229205 6.403260337061543 2.4847363721194524 4.800869812269432 4.4979432026734445 3.6188222456185195
5.000870508246792 1.7804950120464182 7.245095086212991 4.963078748787073 0.6533592496307934 6.834174662545364 6.622086276480017 4.0374873357563015 0.6296198323554405 2.552856826969156
8.164948390194901 5.956834695629504 3.583667686449752 8.693351703822461 7.453459990537599 3.888908297484486 6.711733524399282 3.0898786690877467 5.37258982353904 6.644493090592905
3.063529893898761 3.3829534589622523 4.921560702373172 8.67429652046978 8.275171726598677 9.763355004790554 6.1612216298028875 2.9495390544178752 1.307612250106784 7.340314762711133
7.40747679345251 3.6563458893695717 7.2525173375388885 8.689004879221088 0.15718797678295182 5.098198013368108 8.974295950919458 9.890419494276964 8.577392512682684 1.489516756180561
7.359072588828642 0.27824499218916543 9.607307351952723 8.01182692764835 3.946064768055469 9.835450216588903 9.971966574276324 3.719101478385064 0.49140375043298157 6.444683995073355
5.822540345898024 3.13800946336426 9.814385025194936 8.758116431885426 1.0525059481390064 3.506386690693066 2.7866121861004762 1.1869703025643172 3.6341182216732104 0.7357390331536848
1.3022816138696576 8.352228531172086 9.914286372429757 8.561461984438697 3.4499301658244637 8.789052772926878 6.549725696560863 1.92560390678132 4.039672350392134 4.970383201893508
4.998563334287275 8.724967674090287 8.842125970658875 9.246079825376178 3.1965530877808463 1.081780178316817 8.893909053724238 9.595007980043302 1.3610580986624248 3.4818716768482396
7.562783238364566 2.369483571527405 3.2424797864380475 2.45752317167528 5.210585499336148 4.6283454927798235 8.456741056918805 3.5454735897703733 5.829325198330759 1.1391459265698547
9.748360970662524 5.612609742922385 2.0004355432117435 2.3038657197388503 0.728384242946837 6.508652835446096 1.5413401633248056 7.315542830961184 0.8538651537159136 9.269444395140615
3.0539878693185716 7.75700004522386 3.7071992596977386 6.512982835681872 7.402867113205806 0.13692692506288306 9.529321784311747 5.066567952492407 7.860938140705912 5.756066083420549
3.4004751932459127 7.117663394978191 2.3625134228757845 3.819781082186331 5.2434575990060015 5.605603250967246 1.4030356814509801 0.23933857874696507 6.574128312855988 1.2648788501543171
#
3.9359787256889924 6.926651577902178 9.187604537987525 8.579096853879536 4.153338974505509 3.195430091918779 9.876309215330124 9.387469424292789 5.333059774498236 5.006714108995328
0.13346649489446172 5.8930897006865335 9.687395730180992 4.059182192690014 2.7269295228591486 6.37919530526949 7.540762762304107 8.498375456302515 0.6558110591969006 9.061568218006652
6.918749427625153 7.927559127141153 7.0499126451322605 3.697928259765712 6.11821463049115 0.4085570060551529 6.676645815518369 4.05824786760105 6.932654822264485 5.061020109292823
3.1117756927064093 4.631946663065335 0.6875548153504623 3.849613909423261 5.870056945951669 0.27048811370518155 9.698679988237256 9.14393667464469 0.9001278464100615 0.5703439273686008
8.600004582211842 3.6550997245835832 6.331366296178048 8.94517216039709 6.445151391577709 2.8972584896830975 1.8276674605854009 0.37636680144964796 9.096709484105629 7.572870723675674
3.0171758139429556 6.374294449860298 9.127025216044165 0.4484751587962901 3.3117706238203146 0.8804381385283628 8.171945516840076 1.766324574294575 2.8867248970635058 6.188538547078738
5.128229512874556 2.314910992971833 2.872233245084582 7.74832062262537 7.963630799789362 5.105282857677732 4.240319255061987 3.3624557136121336 9.940547436869366 1.160829952198739
8.99314469637888 4.3097996437362855 3.2666314179582123 9.61754282667943 2.041750000741274 5.792319235168938 7.654577456508898 1.2355882727507468 1.6740430050585515 7.235258853059555
5.948555902228354 7.047849377220928 2.6313850939230488 0.7300757059781056 5.858648140567506 2.066695957145815 7.697592221444378 1.7393658968362407 7.932649533842376 9.752560617216528
0.5887493845631244 5.948920526960613 4.282008797519842 0.25981544289035075 0.470179023761343 7.214964387720675 6.80879574207561 0.47428906253173153 8.40732002119937 5.78835366834848
6.608733264556791 5.5558365216725125 7.669710983736373 3.9354615360697407 1.4306144908723915 3.7694246933375073 1.4391838370797183 5.294416131415501 8.667523269219679 3.300880421034731
8.745276946899313 0.9230728235498704 8.79449488239933 9.623188407480061 3.1482781212074396 0.3455665236328649 0.44882640517289385 3.0936158541924357 8.167504119434744 6.678925437533512
7.818613698000231 7.136757464075172 1.0333895802459185 5.755936093932468 5.795254449626723 6.493750158614421 7.771082163700155 6.933781683650748 6.323709720786128 6.727138581075039
8.501187416550515 0.4678828747286188 5.668695942735927 9.455661374052443 3.6995473658082885 2.1523388124309335 4.094803496041522 9.252456933004423 8.402363174467432 1.8826854388072816
2.257302647923888 7.477804642409972 4.797174032299587 3.1722383389766877 1.5626261275523863 0.4887828650974626 1.790095598050415 3.7426878305833524 4.575025436264701 2.754441643344341
5.061217036659647 6.610240853568595 9.01300999863609 9.282460721519882 4.683484954953539 8.95397814721893 9.623025340906583 0.730887477584389 8.267301302663354 8.102443878155306
3.844018250818834 9.88742562158439 4.0511819659735036 2.2956582184055954 8.6243549920326 3.8208726674948985 3.032770606312614 2.511298110722866 3.361422413124568 2.33495358379673
1.8412411439212133 5.32460925685582 9.478176876932423 3.297608315885907 4.441155339915109 5.262353141049936 1.4011404566585877 0.9619218764854409 6.553590236511917 5.7320801462005075
0.7706701226114916 9.952471744595671 7.900774455897224 9.773974374244915 5.799977444822429 3.053586225910947 6.531180299092359 0.4909311422707816 5.845748860970081 2.867577019500913
7.830368577288549 3.2553803752887482 6.854276736803417 6.024424086924276 0.42541233042148185 4.039697044107527 3.26617234028321 1.4772610321937267 6.397056375873987 1.3788142146376923
6.358556181310806 0.863980451439037 4.423281803744212 7.921063956215759 4.656144650910549 2.5158280325508273 5.263622176277829 4.7806638390828535 7.097071902022481 6.840160815159362
1.0970203681958415 1.543958354088002 8.237259269200093 9.064957132519911 1.8848481800022645 7.322566880279353 2.3727711295529197 7.094230114772039 7.612042959328285 7.597845336130784
5.820412007176879 3.801337617461415 5.081796861587045 2.1208918971873096 5.609794071586754 2.008155375360081 9.084097170698014 9.965139763503135 0.4543654731484974 4.102191192762039
2.7142184714703395 9.71228498070554 0.3687280116180718 3.2645046236027273 4.326587626844781 5.843204128996749 1.8538882032511492 4.41859476691312 6.515995268422643 8.555445274129847
3.6261476052869455 8.73234073621741 4.591900835079583 2.049319994845269 1.6817995562292163 0.19365876422814488 4.736402828685567 6.667612191503311 9.564141525005489 9.52797837980976
#
4.351909329719355 9.318920209740503 5.7509354079610056 1.3183106127121271 5.3870705151318266 7.534749285943049 0.6403017140436686 9.51786008555625 3.122473255468642 5.967309466357648
7.261945583860378 6.957244666388083 4.966246413326879 3.2002622737666266 7.016000933820847 8.116512463839378 5.374913307843943 6.055222071242803 2.6097718232916134 2.873581971885539
9.573244859842408 6.0082736801957415 5.594524093890684 6.59004031562713 8.360162785814648 1.4690064599781771 6.814158408917524 4.957624888305465 6.972034316398677 5.586086622680558
5.037689335781077 2.568033393593047 7.861095467771193 7.500283781241226 2.953045840911345 3.9797678747516514 2.960421058235322 0.9927590024058608 0.8191907516608916 8.20184466651451
1.042863602026566 3.541306716038684 2.8461418488053933 7.09190590207975 8.581575871941535 8.274624285852681 9.882300058666686 8.025895169883942 9.297196991799211 8.621780615153671
2.0352101008373333 6.054852944799897 9.182348782739684 7.767182559733554 3.049754060013162 5.761123117993382 4.606018402510327 5.27236427707187 3.260334432942405 3.9078758853389592
6.124205812666148 7.577639817033811 0.7783863082128537 6.0899475802760445 1.4275846598152033 1.6674806058214697 1.7679937131744792 7.92772400315798 1.2338670633928537 5.9333006282763785
9.287076745190909 7.057532494586784 8.60972444856533 6.288061773669455 4.74170727985718 1.414441541015273 8.013063468961759 0.629085613223511 3.2372131929703087 3.431634199545168
0.48206575038658084 7.948890889878127 0.15812749047952845 4.339074417899613 7.246569363027012 3.468703029914457 1.7579429837660725 9.238286172549307 4.940459231727398 9.122165413101243
1.3162509521623722 6.968537531401622 5.662516232699276 9.31941287391107 5.652922617085959 5.712666206705073 3.781805520162872 5.024393467692284 8.304637690925654 4.802300171473133
7.022720660123211 6.528856187821099 8.022246557607373 0.6042252584719616 1.4867864536905624 2.593256423027081 9.312486002073271 8.830641115638578 1.7143474704968615 5.067905930969377
8.454047162272978 0.4980145205855395 8.32799935636064 4.242085580642355 9.263989151644985 8.256567426562906 7.7515843928096775 5.805005774939201 1.414053755408165 7.167987587260545
5.671174734905636 5.4400858314219125 1.2022760588331787 0.6591106056489773 6.089376485380199 8.115057576881968 9.579386412522148 3.0916934716146653 1.6361650215895294 2.2681054926286692
9.581860866637868 7.857785693930412 7.524046147329278 5.298047177108947 2.1897070330660102 7.24997786332387 8.791711575896878 1.022234975144321 3.906063772774316 2.6920848671677717
7.123201289696898 2.2086287232950856 3.895913961936234 1.0313906662821282 8.222477642975859 7.8863036782099645 7.542637836582176 1.0632978624229543 1.3644980901886004 8.25409048071692
2.39897422726475 0.1919492182885172 1.7305463288166898 1.3959148257612046 9.029745929706783 5.026608339295864 5.678579507239298 6.0262059091767775 2.834973798502463 0.8418876299150018
2.672584214998079 1.235441581063308 7.323191998007985 3.274382732115775 9.359856701062494 2.8160793997501203 8.474852702004103 4.049056997196529 0.8467749617520655 1.6005050422508509
8.65986394854492 3.861000888541108 4.32420253157015 9.25987824849083 5.647562059340431 0.5552528471465337 5.767984681603961 7.678377189330845 4.443618587007191 9.668280948143984
7.424819893034831 4.365311696803037 6.490332318362857 8.656613787218605 8.726712675899433 6.92717107023978 8.464390599684416 8.168510912153524 4.2598777494881945 3.7292247053885887
2.0645134134950376 2.8627692524606285 5.792710860944984 2.7311602733985425 6.694328078544775 9.685952582707618 9.973635982843962 6.617125488158112 3.97536166122308 3.781556093583711
6.314889740167393 2.5278275601048548 0.46492189471957257 7.71243577903659 6.64237722435323 3.2695898255611744 1.546760838384917 5.170720896898005 3.555019493704899 7.605634019327265
0.2689522881570623 0.9314952014669524 0.29372300285466935 6.348785221809239 4.6778175686318 2.4128936157009777 5.862969003690632 8.398483522783145 6.487208368591315 1.9875775742432045
5.5216686000981525 1.8931381251064914 7.779833964032548 3.169270079703831 4.383672242922167 7.8971862721133945 1.9392902435244266 2.9819283162317998 8.724890492687674 1.1362241596184255
5.399200407892745 1.62325142088189 9.711986973453776 8.323628430434882 6.501131876104309 0.27821694005471986 4.421163920609086 4.947727791009873 7.006685156504783 3.0115712003227255
9.67936196076436 1.8404822933465428 2.683603079578281 5.091587660424781 7.906465406472903 1.7533576169059044 6.153492340143652 1.8214488302291016 2.856856694632875 9.982164968092032
#
