#
1.051847538957802 6.835211314536913 4.119949643725983 9.655778118736524 3.2707339953679435 3.3712311173838634 1.4848686166188836 9.110513245654413 6.392310224413478 5.846860149618438
6.624479593773018 0.41557714144363445 6.205437669194172 7.431590756280718 2.6232546979266345 8.86042397918888 4.281756701723616 2.45687593263734 1.976148622954764 3.167548651368717
9.913845564370007 2.633719315026821 3.2192622564195794 3.8253296929586975 2.7683722364991836 1.0570143871491338 3.4028035826405514 3.8624220553115993 8.641825953566428 3.2691536044979355
0.7171843648811764 1.0254125328444434 5.951126886112878 1.3185060671690163 4.905644453748978 1.6029026745476065 4.348789176321306 5.128554947599432 8.70945546840305 7.663697228467488
4.796743746671533 1.700854350032949 3.4203994833562517 3.030042922329167 8.723985736438536 9.674792786693384 7.799471762787894 6.55180553989527 9.133880542261497 7.655204793975038
9.921555943617495 3.3576132536650665 2.0894496357858756 7.144149109300726 6.618224200598948 4.446242425077651 8.026674924715579 5.104773516663064 7.180042377749933 1.9361444536564272
4.425245095876801 8.158643586539814 9.931486378466126 9.066503162406502 7.87197928333701 7.313169150162295 1.652111060335792 1.862821372042601 8.419040426558126 3.2019396231397845
6.4322170364396225 2.1115288023514505 3.5471450728590472 6.056290896750589 7.084418517708411 3.6026815222931745 1.2192469294111348 6.265230637023977 8.812421745285956 9.552546204045075
5.146140404254231 7.9293258537955875 8.313126640222762 0.3914781797075353 4.310340148666953 3.8341955089671993 9.39009438490963 0.9604144926207168 8.928578020534147 7.530827883370414
6.268705711005886 7.947233098628287 1.0096330182067188 4.354409256648367 3.375128632999288 7.886112630957763 9.096374905353034 0.8045926191272654 6.723657295055142 8.126501337945578
4.499080759368157 8.478798279661872 0.22890702720706013 6.107651356085588 6.292244858630524 4.841176190877142 9.526848533418228 6.331459386851979 8.356507187012236 9.991653481554625
8.387115412586628 0.2241509295706985 3.988749478999234 9.401247007691126 1.8123461684590074 0.5653519175051125 3.0606391110715077 0.4287027881663992 3.620201643060474 6.106387426484466
6.949327081674554 6.424882069433779 1.371775360154401 2.7710203372456643 1.7564952516012111 9.203766587389113 7.212159865783099 6.513395457915821 8.25685011001929 1.5012621065022564
1.847245596115767 2.260445653323653 0.6872948133240673 6.863896097222785 9.120686295738139 6.847966122184406 3.53210357599475 4.914944049800965 2.446901107648597 4.6220085317436626
9.197095271187624 6.947736643207664 9.383253418987909 8.798382617800586 4.372471304545754 3.60224143570574 5.172546339412812 4.684468771199339 9.67541165319863 1.9093091018636028
1.8642074678824763 2.0216659817312994 2.7716597230689737 7.8240578013179025 1.1748533271543802 0.3162508007293212 4.295306846160746 3.677327807184152 6.849513431358969 4.578223711514897
7.16592476882877 6.5973696998663645 4.221331830176369 3.974230980413088 5.839873964919214 8.478974913602922 5.015250919797749 0.753457632568538 5.125670943845918 4.834964906630331
1.672419962036055 3.685843870471195 9.113308660444643 2.693063669987736 9.443428419086484 5.357453488793096 1.1049880548974 9.454331525392908 8.703371854790806 5.788308711172619
7.168927474370908 4.0810800968276055 8.5592092113358 3.43323223997914 9.012103857067903 9.86252759583586 5.88819771500728 2.4003697852255703 7.644444117367836 9.887363035589775
2.553319477430386 4.649734332505552 1.5174387674470053 3.2993042621876354 8.077018181846249 0.5383096668143539 9.309803378991738 3.1122389424737165 4.793655285039836 4.722867450228163
#
1.48119068213999 8.97358597375536 8.291015827991306 1.7216968139334803 6.200012870447248 3.217648011671297 2.6730906816486013 9.118708786221386 7.772360059437892 6.8069184227047765
8.519903643911217 0.10751130475139004 3.5448749337100596 6.218742086614655 9.050557529344353 3.014820600991328 2.8639682864337153 3.513384912224343 1.6911719841047121 5.281895915216742
2.9857961039607868 4.261423122443125 6.946908865519079 0.7116192478364374 2.83476891649998 0.6888633287136585 6.997867123630798 5.280970429892412 4.512229255787616 2.458807258705796
5.126900076814206 6.831082688058047 3.377380391891901 7.514279304599454 9.467426759637293 9.88927193147579 5.116553610602057 3.4320543776457324 3.206190521888479 4.695618540361901
0.2703234013450144 7.232204238391063 4.746190840750046 0.32178136086365683 5.5152694149560455 9.810057878578096 4.362115590579834 9.084799202446547 3.0290643177412133 6.0878801172221735
9.779798873264761 9.295770548830221 6.8644278292344945 0.11741667247084298 7.934955635966024 3.340211207720034 7.5856199946570255 3.5355672216707763 5.209181829998079 3.6645547852419673
3.182596775175211 7.2979477116484075 1.1134328376416653 3.433480564757129 4.811368025085276 4.019467734864323 2.33267662869363 5.1119530882132125 1.665062007032116 0.18365879143440544
7.9191187539066 4.605054174353148 5.984878854694515 2.9563334634775136 8.799496868403978 5.555459306902592 2.1183460103972687 4.862165304974691 1.016343805628443 3.95693904543457
9.151665950473786 1.0714846715613926 6.38645205130718 6.921517050748578 5.731307857339575 9.856420441019912 5.160617151952026 4.840052697130026 7.1283274496156555 5.422454474836694
4.235412000907914 5.120222993444237 9.542362248895774 1.423735150921562 3.1124074834777056 4.429236117070363 6.738302473115805 7.828058024164768 1.951501309988438 6.386273218373832
3.745687488884592 3.47953466205614 9.307877926122835 7.75308893919063 1.180592353602543 0.5549617572699113 0.6157685781050857 7.972452949435089 4.375241426314516 8.66959834576575
2.556547475956973 8.996063692692216 6.178471968329621 3.221080424280623 2.469748082109668 7.85168552103026 9.024552287923767 3.732852987359011 9.270939656887421 1.7412121260518232
9.3522762928629 9.648291686339839 5.100847547839127 5.991389582222651 9.524536463589067 6.826563641330359 6.258887678317 9.588104112338765 1.0147864304168115 1.6930473672559123
3.7579964151158918 5.350691617443387 8.041334580628046 9.10019625377613 5.511332285208938 4.981601557026524 8.07200039260136 1.7504569985439198 2.125045911193603 3.964892415635961
6.875235164124806 7.589777957168356 4.889434422980862 9.150483729341179 9.306022225566213 1.7273767741577175 1.862803727088683 9.915984109734648 8.71715231255329 3.6448549513925923
1.8367847315936308 4.4407579561906765 9.162088634588777 3.670666010729192 3.5675217952620053 9.230121966470062 7.147261872793841 4.256940886938698 7.865450060301333 2.1989516658356765
0.8266253118115996 4.106773132052452 0.7070080946797983 8.870581431179442 1.426811485825295 9.205115122873131 4.351001759036677 5.757635857352902 1.9721145300944598 8.165416450545987
2.987816498437388 8.387658842591955 2.8512247365203742 3.6086785246521877 7.627618020697874 2.1926842058642495 9.60483280794109 2.04400404391205 9.374236430326532 4.78389863051332
9.378553206643218 0.49343453364992307 2.355433960795736 1.4207767133532965 1.464899668985721 8.232961513936278 3.165111610087359 7.417258512803181 8.294195808270992 9.382886009787416
3.747977126226289 8.255141423853381 4.835021750811725 7.38928031889705 1.7035954054569808 9.422332842874418 6.252598424349586 2.4211923844346757 3.266473738224356 5.090649324595148
#
8.153997044359333 4.190102903298126 7.460415712047931 4.620808780908307 1.3578864464321838 7.996629018813053 1.8667584372490542 9.890904934504281 7.304463288945719 1.0848503449780047
6.98983447676055 2.8935995877821927 1.2961090839808125 9.31700634652912 9.09570243783428 3.968561088530943 5.0384239121546095 6.0536523480209645 9.677813902457203 8.866511594321699
6.377054254344444 2.1903447961528655 9.584196237948303 0.5375277429557235 2.1480425807875676 3.0808914959036953 2.7439555618665072 2.8275582386594165 4.608634767695012 8.96301951611252
7.73843243885516 3.637408179228056 5.297836013917773 2.703088606184602 9.771888902043433 6.99308663654213 8.934243247048986 9.598485483519847 2.8961245219097758 8.721077730476642
9.101738690131283 4.8905368557294215 8.15495943310786 3.185555770559133 8.959919718375877 9.465145471090253 5.058952885961382 7.561450904889836 1.4077544008283298 9.69264585195171
5.0698962287558 9.869389883223779 4.725758343696538 0.3881776697556898 1.1383427112103304 9.572837543772263 4.3514728965939655 5.533565076972256 9.725905527471543 1.4951348611025916
6.840089841184692 5.58751236261742 9.353103916114918 2.0027757228009344 5.3291864408830145 6.251855745818898 5.0589610249989105 7.063152699385107 7.893269657074304 1.412824956668267
2.0650719782838296 6.906897769625507 6.072599411947326 5.339059614341021 2.7062131783124554 2.4081809539250516 4.5938543654381885 6.667827849490062 9.955903726165626 5.890399079173896
2.599752767209371 2.108314025438929 4.22317287078434 5.116760975114713 2.321809531462334 9.833322444903507 3.684927568359982 4.070643624062799 9.697497114783037 5.6100919290119995
3.1481694416604395 3.0523114626999734 8.877711836581051 8.173849519161472 3.3299212629860078 8.620920018542307 4.9309434590584 5.125930231315067 5.7159922655359825 8.104602002388472
5.473317765985456 4.037750509494858 3.2635751275377287 9.928525700415141 8.541384767552694 7.7680689195911565 3.3399732855125266 9.538650202375988 6.042094880154378 8.632102078777296
2.7651045892655626 5.882837021265374 7.205561780174161 6.804732437654103 0.27852856538456994 8.95293086676461 2.7790297633104557 7.653731457610553 8.667914341790116 7.009192634690365
8.124034520372291 9.724136447388245 5.58843764279467 1.119426138133142 8.02421824002504 0.3346524915156541 5.179664698762275 2.233612293071023 6.711109840395188 2.9728971862520313
3.037720408893125 2.6009522737122492 2.7121244937326114 5.298700443783007 4.266429135323602 6.586271263574313 5.742284883440538 6.002786295454201 3.6069851346213797 2.0828466404771535
8.319021294933982 3.6679027026095197 5.735564133707798 1.4641317665842664 7.3497595199150405 7.270587782636422 8.122810721228088 4.49042964706673 4.38869774477526 0.36333906520468595
2.3824171729228496 2.0311487487706232 5.659160554318028 4.248431319207519 7.634396552756521 2.2694464307556497 2.3687755605482437 3.1328504430323023 3.8341941121230354 5.695470679329119
8.696684327359936 1.6014540272884656 1.618049907444056 3.1794987108161434 7.964428579903773 5.690294608739273 5.968564724460841 6.33578932946217 6.9564279574217345 2.8795667207403026
7.435920039654225 7.355361784716454 7.208943367018119 8.908838100023297 4.549773020087688 1.5983828464169942 2.5003256370430638 9.212116931020775 5.684104106583191 8.662586960245992
8.534967262084821 9.842822128509363 0.8619585079867296 8.37973836276907 2.5921966793113844 6.329971095495851 3.4879515978130398 2.833225060250429 7.061916197257097 9.269960743426337
1.8713981035448137 5.469552920600295 5.857386237081928 2.8358162038693706 3.678445782705314 8.063061239969233 8.542114796115111 0.11572074460930182 0.8972156914060969 9.029702353239921
#
7.498463508893844 5.077467050363185 3.239175560788525 4.028586303600712 1.7470697874429328 8.423918508336396 4.847469404874712 2.2359272349593056 2.1954333127349224 0.35797999419923343
2.4854385859648316 2.2584537696811493 3.0729927824165184 0.1930209135504013 4.677565521241064 1.0741035861019284 3.360276629801438 8.749108476610648 6.7764037073185674 1.674196835403376
8.06998654669616 6.438423599998565 7.536927694381896 3.7300959834782628 2.589955546576519 1.4232836106729883 0.6964781647423459 2.110601219455851 6.997874395979539 2.7794710600351613
6.15136537060639 6.110938874925705 6.319062129820013 1.612736118622761 2.237493180247837 9.95187169630124 5.834682777986089 5.694923005775763 0.47055337799725816 5.679009527789663
6.479571242986613 9.046950914593635 7.9294995903222585 2.8910172516575585 0.2870412771676296 3.3968524456366085 7.148754423833163 9.886235766214373 4.523540830675871 0.9271293304574506
3.469486680235594 9.636739487756682 4.787530074975809 3.0112512630785933 3.2215664868642495 4.996628977113084 8.218019063926306 6.447903047804232 3.1712057899267423 1.9530991360552372
0.7886855698513529 5.649735850817462 4.618161035135426 0.9185453358265905 9.068912402800962 7.554860220710948 6.576843985362641 9.58284670669419 7.183294452245649 5.949237375473426
8.990697616720734 3.7893956348158873 7.304868449819011 8.50500871656812 2.7615496738840704 9.7046311943919 3.549383077677195 5.459414796230712 8.734000772560016 2.843018005064925
3.4627824736555994 2.0002787670470488 7.453764463379924 0.9855392174179523 0.22952078578051172 4.461992559887467 4.716416618732366 3.0198161306255065 1.2169864690552896 0.30244919668241543
4.7657892674011615 8.369998991307803 6.794756107485098 7.860687494769387 0.44844045897443774 8.982776537591771 6.263626338451548 6.524762427125769 5.104182324268431 3.38790913013227
1.0362728348668364 8.164532729940147 5.6738906563548115 9.813874582379096 9.219210817937089 7.198849653533857 8.214794172571226 5.264927538674075 5.611194725954252 2.2597093043871475
8.280946317252457 9.785063283875367 6.620896695407782 3.2180221031345475 2.486038002682858 4.187459682286125 9.652364639589182 8.290031855003916 2.487439041989259 6.824732205754782
5.614391804897317 6.314338127329092 5.645678521016538 3.070865861284748 7.153862837376972 8.852474467596615 1.9168705904313526 1.0867006195096063 6.77099105834984 4.947866889950323
0.13525950342539161 4.928461647308073 4.178618350235889 9.175609832542392 9.558147994011676 6.033484792658939 0.18820184959056796 3.747783773950716 0.7597708126785623 6.2633944300500195
1.087286127716602 2.6323638252872885 7.441500167011167 4.152755054459617 0.8505414183485644 2.741783607493104 0.6022120671934008 9.69836658803941 3.9207476106869863 0.43507369989181655
0.23479995545577204 8.998291336430304 4.718369784897279 1.2636113085815706 6.713389033675982 3.6524476522818317 2.986083777792771 4.485714933820002 0.5313191947716565 5.016622772898204
8.979327805416968 5.468881114623248 0.790415390776567 8.235250969181129 7.540652160367614 8.293887529835079 5.879054957355618 7.282141348098437 3.575458779052239 5.700500602217042
4.926389650273228 2.499748754233529 5.624468564934672 1.2362279098216038 4.704439442989984 3.3879136249278465 6.903826219950297 8.697204236906767 1.543746077570539 5.493328757244937
9.919977977632074 1.1182236650651838 6.2964445028795035 3.985592442922199 2.35413525530699 4.4406649023971205 4.660396750576421 0.16270556885579168 0.8760815314077961 8.563403118381604
1.8763302265960555 0.710263066589893 2.7919821598664814 4.060282765284712 3.2033943464405352 7.126225275214814 3.1011269918296316 6.6636200270181565 1.9384364006315438 5.73876862560603
#
9.821054797030765 5.913180540260668 4.901078944665165 0.615009040633451 7.068865190404203 1.9066534890459503 3.642247783251164 2.6330183551141566 0.30427661229723046 1.1555837166974277
1.0752289192576954 2.0351551444700813 9.16098981150682 9.436862721360956 7.058738351429053 6.7218740874835925 8.115889985362507 9.816200233405969 0.395279149418994 9.751186733390481
1.1141043923711642 4.646126671274222 8.429228159640736 6.169556645029121 0.8420642085354917 6.76669965573044 9.627038400428612 5.619647186731372 6.80168769079067 9.647756501403116
0.5149189696099885 8.12870437325414 1.283306668380579 1.2150965365965605 3.3205432869192544 1.1106301067072497 5.648036737413619 6.984544033215974 9.988602734715354 1.1447946030168779
5.884353641358752 5.386408832817433 8.32609336249905 9.24984733536836 5.984002187460195 1.4627362155385164 5.182198933659167 6.794526561732527 7.861452732563823 2.4434503677984347
1.454506486864878 7.440441993016387 7.196811685559063 2.471030253665761 7.693446385661011 2.577295152686372 0.8017846235194668 3.949909713002832 7.568659784812168 2.3612382424555802
8.737591934434043 7.919716241320064 4.085486328796364 3.412727176179813 3.4847624781156803 5.953583725239985 1.8467772153664321 5.284775942804938 0.8207337296965376 3.1447171390044306
0.8746416732027757 8.22184576230865 4.119805983144278 8.81264468484154 2.666812408812533 3.72750669770816 5.7136396664808595 6.136673064037849 0.19116520838373408 9.038179989482318
2.320482690858301 1.6555743395131017 7.299576355877699 6.873884510324309 1.9919241775623342 6.7944156370927615 1.098857621650411 1.3884066869594167 4.932454579366011 5.840824752485106
7.142540530299893 9.4402896526247 9.44250660796941 8.027759645664542 0.26548737932822775 4.945331606267795 2.8207316629986114 1.6102409838373397 7.95094633223511 1.1522417877805977
2.1567418634674373 7.068057899763355 3.6642384046488994 7.321651133678772 1.5963568322934107 8.364914273404263 3.1149015648674454 1.689356771283633 1.5148033281939108 1.9264261385836696
1.911649004849989 2.624690109741569 0.9500678258715354 6.68272483521903 3.4584411857203676 7.012570224623794 2.2924620983522526 2.67255147905614 0.990118978461278 3.0090308386737084
9.857151350101258 4.613042451828495 2.560569462834524 0.7039975128727951 7.118764541523709 2.3942630245686187 8.024859345395784 7.928126303497265 2.9689025646119616 9.241825409161818
6.242830147895224 9.422721363783982 9.507266308776398 0.5669699033063296 8.420884078757577 3.5610191952462813 7.000918670313181 8.246574265113235 1.6376444824011163 4.309653053469875
9.091569023821869 6.936723342953884 1.1090160117854864 9.85156594885084 6.719382138240473 2.832763306443291 2.224576504639018 6.58612279240883 3.3857205012197884 4.580540907716038
2.2336731341629457 0.9552270306053634 7.3448150142782405 6.916484405628053 3.39915930841797 5.106607095910378 7.831699942653463 7.515840960239489 0.4324748229194606 1.6767639929491005
3.6292618278598554 6.751463133143602 9.675128637818883 5.11026197785052 7.7758844609199755 2.636754350826785 4.3649111275363035 9.529692727113071 3.5111174976129824 1.126524058840359
0.2944360295646904 7.602339274238874 2.850750293559569 4.703229928075622 3.304761492613414 5.030755154714164 3.6084712500354437 8.725537671795006 0.4734664411804319 7.102382426930681
3.5035080760841972 1.0623436265420962 1.4765113556120801 5.840546282611449 8.973218599130217 2.6178257639677787 6.978429041320558 3.350155200716144 9.22975616387086 3.424540234258058
1.1136480207936015 8.514994520383187 3.0201622183598023 9.160464088691041 9.713790220898527 7.811001844671788 0.9036319913467459 7.2640484290230205 7.866454121567415 8.728110536578603
#
2.9644760784028272 8.308204260505317 8.02169837464385 7.3826910315623255 8.038936189978601 9.076432080549754 8.85981800006931 3.3389935376329793 8.358318190860636 8.878827850527323
1.1938027813899796 0.8874559596733782 3.026737145398915 9.26743754267633 0.6417799946832883 8.517092010976535 8.0767072964289 4.9452725377388465 3.0371892877126085 1.279820836854591
0.47739480953370084 3.119290698172825 2.7882204769733874 9.737673658339231 4.944537219147788 9.366533392578487 5.444054007528828 1.5215264958961692 8.767742080408555 2.4174401290871756
5.495677599111962 9.247222923347081 9.868422308172663 7.82863178136261 5.308613129951668 0.20212354996523807 0.341448852930089 1.2086926031063054 2.5391088815613436 4.956964058849719
6.837265629737467 3.041621446584263 5.5643567363066495 8.441114008052068 1.0075331419141804 0.921533522026504 2.1137257201279804 3.4899142721993646 3.7790818077346966 7.0692657297056325
3.5832571387368386 2.4945522473064603 7.008406488028915 0.9106466937951385 6.306508251059919 7.258687885107633 7.151874685567309 0.28042516627591674 4.693514568042828 2.960479253160413
3.6091565542293607 7.1150327432586415 3.899318188719758 4.178898807039693 1.9212613303380226 3.143887595667943 2.6352542070404747 8.89847259431809 2.715386597385021 8.169836229137108
2.189189871107039 8.848829123843188 1.7179973735865195 5.368885390511454 3.115804108294147 4.1304363014596595 9.813870788310624 1.6025011440861272 1.5174887149984686 2.8482856311831353
4.983268586810042 6.704755328911067 4.81897326991171 4.179388672911885 3.356063745498206 1.734035161483109 7.099863928428354 8.50730227244955 8.102659377095442 4.1841130004111005
7.004873827648087 4.142242684190218 5.027013228176397 5.095837586453612 6.1527239905676625 4.047943634027137 3.4787640904376196 2.219468957783996 4.362623308858048 7.601898666716157
6.845759818352703 4.526152240060305 9.264464636476353 3.096429010747566 5.991160605810853 1.781595471694971 2.075089045130901 0.9659997394345696 0.983532849008574 6.900510780362065
7.507854346991017 3.752513359208245 2.9588934823658533 9.596171382965094 8.464162688193415 3.1565706525478907 1.5479469734472096 1.377671453200204 8.890343111110932 7.81194597533018
5.664267635558328 7.431412425842465 6.298913530970205 3.9170402479746933 2.2933340126283777 8.602498105785926 5.490445887562922 9.133142678924637 9.761984640735198 6.403534206108548
2.577617586270817 0.9126846456347693 2.7143690148518345 8.394951984948701 0.1761487417682419 2.8142207648987463 2.3563359832871553 3.4662459072694753 3.628079002811126 8.530325585808681
5.132204306703574 2.2009224446841795 0.201491842174784 6.057420017059757 2.5162575851814486 3.9931533990295494 4.580400229834579 2.38440182340201 6.204009285395501 4.282418955683806
4.171701505249763 2.9827263545088294 2.040660252536335 6.574707754241468 1.687928025596292 8.105737111148363 9.713223424871272 2.9620458715157687 7.394153119866772 6.609699581065145
9.935879135268246 4.850449364446208 9.256779059280358 2.114572537309623 9.204571354029367 7.968826748900774 6.668303189104959 9.305296654918997 5.587095068101094 7.233689141362833
7.358347735043695 9.568584895510828 7.216197478414093 0.25195282837421384 1.401346594898809 7.977772811992972 1.293737357841743 0.9015725820445386 0.68672502998652 4.549295665882363
5.465606960308646 9.752305024699844 8.007752457693627 6.621997724397107 0.6072505739883631 7.577869849146314 2.655523725111392 6.402643533552215 5.906755232288678 4.769565914505991
0.4879044737056599 4.3918456552647624 1.5845737856194777 1.9222106910944472 9.619663881526716 4.82277377631347 9.007478940616707 1.7459031828436773 1.2016406560902575 2.553618054022923
#
1.0062639291994886 6.686388937252664 3.3708954806255393 9.18298508444172 7.014452877818712 2.1602773083164997 7.2794747011339 7.2627924379223945 3.086801174757257 4.84630869422022
1.7241406619488586 4.0508871511791105 0.4103436319763638 5.997339179470981 7.716999905106379 6.846068963477404 6.409143167002858 1.544596216290862 1.1484397231830372 3.959670629517564
3.700359430152541 4.5320391706382015 6.2940901543116405 1.21590434125762 6.14798460204573 3.1444388719728305 5.487056756377466 4.737979095868761 8.935612742110532 1.0377143181133341
0.12072093730576317 9.258794608597828 4.296268093922704 8.209580158991642 0.4465740538892735 2.2065631342252163 0.22799330902704718 2.4264289849382887 3.49741874601399 5.846098602166422
4.923173328995047 1.318870604310387 9.456004179433455 2.202252143517195 5.1152573645732495 6.224006686237177 8.478774459550337 0.40737637769369694 9.978531771811781 6.330476531800925
8.698360120842317 4.846188803039535 3.6566741777133833 1.738868571908415 2.1264450603808376 0.6572338556189168 0.18964885567306666 2.613145259572925 1.7685604746263843 7.660031277805109
5.638395861906091 5.562667174919664 2.3415802954909344 5.52112992996609 2.403429079091509 8.936325111888891 1.5559669980094686 6.859633281503253 2.2191220540714265 3.1033238750308105
6.103757134348563 0.10852873515303418 1.4078778094746816 6.7250672063965045 0.19127025751892202 7.742060038538664 5.89970507627579 4.597330665692531 7.136355099195232 4.553111346252987
2.4594025332968217 8.369191905814034 7.4078708856035655 0.3896358575065699 7.473973142663942 1.924606643029164 2.620289866223533 3.072193079912614 7.26889844944675 8.236515440462743
2.619794793303542 8.524984192027475 6.0418041291161915 9.812460127836665 7.640674970809062 3.324945798580289 2.7734759662355004 6.287203901595716 8.205374321144859 9.709085340881508
1.3614385035846932 2.5142782247309285 2.587103868470784 5.420593659433209 7.171265510288362 5.023563555552057 1.7333792647773811 1.5272166120533868 6.49141992981113 9.889388236040107
2.041410337107118 4.74422133196942 2.119097708484413 1.374479940888583 6.21043161988734 9.817267717390152 9.39971790359116 9.715896154792489 3.2594087240308074 4.517280239674095
3.1799194305972005 2.157433061606118 5.71888252512293 7.9653575342882785 2.29195287028373 9.33158121907189 5.994369583284568 6.476156055816951 4.023989579890387 7.625339373707618
1.0792199727215848 1.2148018324432894 3.235872077356528 4.84396813891222 4.86176619248273 9.484237055372036 4.465530867575558 7.360987516960824 9.384207336775543 3.2370321863999196
6.512755060187251 9.2266859211439 2.304120784405181 9.681332705037512 2.9328820634826274 4.39647369502263 3.5660929527636833 3.0656032831677242 8.145948022603045 3.1808046448581857
5.949557679216275 8.57747674284677 5.374199352209502 3.839709272396217 4.9978722099093424 0.4831752733870349 8.322009010909127 1.612348704124416 6.744804068141338 0.9599429839546652
3.757699283773009 7.711833464904184 5.607702723880695 4.727875802707364 2.3725154540553954 6.926264513767386 0.3728621194425177 2.4975288761191834 5.218162387765051 6.268464075405724
9.53042827159642 0.44553673574596964 2.921190261158903 4.146265982626067 9.251259120693724 8.17593471476015 4.4722672154014615 6.04763717977275 0.7283459979990363 4.094729050701654
3.7298283610445977 0.5936183661091183 9.455430800259446 6.202382390678949 5.274701238848432 4.796371506142051 5.603014412371678 1.667485538571487 1.219561876279665 7.403324738716083
7.531505733118744 9.33318241508286 2.0210402047659826 1.1690289802660763 3.0223563516680976 5.638163845168465 3.4099776428798156 0.5280523220258884 0.3273161368857407 7.825427658268117
#
0.6073790744313454 6.523256419359999 3.9514186204880053 1.6816052404538735 4.827063286508681 1.6669151467077699 1.057982356359246 1.3317888634702628 9.690989750284 2.342555267362053
6.280160953390915 9.842101338480623 8.180635579426456 8.779059874249869 5.989649992608384 0.38023403366800235 3.753576083319163 2.216956369361597 2.5113486598854298 8.008695548786477
2.2387023839840436 9.31146443876472 5.978598959121992 3.494580824287743 4.607931719431172 8.558749967699114 2.8729084901565005 0.216640273683387 9.854899591208646 0.3752414429386235
8.696517528953617 3.0912199183928823 5.735238770438647 9.49551538721321 3.517334636619159 8.990994273228802 2.949081982113207 1.526588239631752 7.852161121112798 8.283346918419317
4.324868609564115 6.337823507978539 1.23008961413989 0.13997754743089352 5.66596107629965 5.474612638220334 9.680954406906608 4.754589493061553 4.437475856460509 4.785467535451862
6.113921356192772 4.600172263931057 4.23479420854356 6.608289842600536 5.047092581819066 2.872187723177994 6.90591697526535 2.6232481193899284 3.984676355178159 9.182224516624636
9.543036452097128 4.356808924280761 4.005766244897564 5.933992206743916 6.627228082897427 0.44722396214427906 3.438397848067898 8.127990689612457 4.602481971111261 2.5174154583521684
1.2628233179014225 7.00145150182104 7.246327720511781 3.674995231867068 8.596691590558432 8.339641918775076 1.724144269310437 2.6113348988260454 5.320164948205967 5.112972602355986
0.3794371640378227 2.757145530266488 6.364010770179799 1.1516015975041314 9.14904430217553 6.783710343282136 1.9410361004972443 6.991804280584167 9.140016980094373 9.774451585538792
6.716410444482791 5.844416820233319 8.907550719114381 0.7992707258437921 7.318650219139794 6.702924621722876 7.591888929843411 8.86991821832953 0.9334666188069303 0.5347886283613708
9.281768580626643 8.112300137351802 9.026792185166103 4.9123663306381475 5.552003009641078 7.375611147662999 4.243931975819621 5.65352194160305 7.406609044353619 9.993786361171814
4.863195615846942 8.465583251047782 5.678030888626359 7.086073953224363 2.225574819481832 3.2933854807967746 6.723989490413571 2.7016977112860645 6.246990599831797 7.636987242285858
5.215221454544277 3.7068913592856587 5.768829380469124 7.223392500535909 5.057000798547407 6.368179121431471 5.811833841950128 4.5143578503663555 6.003827045777307 8.974328451749013
1.4264437055160388 4.245374346500117 0.39403040992189897 9.035528887595406 1.3730012522598263 9.646922301919414 7.195605674280228 7.418323041747399 6.4647992863354276 0.8301072801184155
8.753145374684395 1.8773915584728562 4.813809971456371 3.2332975690912678 9.368918718355456 5.533302440304147 6.412275444823847 2.1501212347299137 5.644332094628907 2.0183455264122094
7.8979426102125885 6.241611698710269 7.663038192319926 2.7077239229012564 9.852769546770205 4.7465367694377285 4.296956108824107 2.3731398918021327 9.418248804767675 2.0168349777503947
9.24594053511879 6.220087187613847 2.087911247051766 8.534666922149404 1.5796471346937224 4.751205877797028 6.45547340610192 7.7300795504776945 5.63040421909662 7.099087243887849
8.566148866833222 3.4116387671934527 5.5579378478247525 7.536875075308345 8.505331477465884 9.354768032348893 4.748448839340929 2.5773228221869378 1.5577764044766722 8.310415151333533
8.176100026426393 3.3919308496271094 1.5667656637068754 8.735247633463063 8.27298709920677 7.948771565733192 6.445743441441037 0.42832771937323866 7.4603991919454185 4.223492699692373
3.0300477813184368 8.723519344924371 3.2457470740880225 9.799091858963736 9.469520877981447 2.697911383083069 7.652532315301367 1.615712191924851 7.5999734697048495 6.6267427279559765
#
6.091637736359061 8.488751492751472 9.464521715630433 7.035670889957266 8.353690402350317 4.275639075186485 3.004346438789355 6.825309674040254 4.53936472392859 5.200598923338251
5.24731201990445 9.251125113549904 7.90026996234671 0.3029760789249494 5.746060518640108 7.1360178650557105 7.518228434298241 8.25863862144962 5.125441169896033 6.017343984047729
8.666696966746052 8.387781951585268 8.42332070513473 2.8742324494813176 4.14588558461887 8.299096534598874 7.573335891222427 8.747133746952082 1.7747748176392104 9.157020441397798
6.265317697756765 2.5663254496446632 0.941657074492344 3.931407099073149 9.501009246765406 6.11862417782392 7.713758265451472 9.034617822497296 4.333870387376256 2.903639845469417
4.348600058373669 3.1601432059682306 2.424014602036684 2.211847259700728 2.1602582204179503 9.208724522092083 1.205224582495918 4.5336399632700815 8.381847694267483 1.2767939954127168
0.926976002607721 6.140811369309857 7.201537075674054 8.684601895030262 1.634942250485751 1.6747928153315539 4.774372081860055 7.533527240921633 5.351102294237609 3.012109280368804
2.8000127921463016 1.7793302353306975 1.2960598141062207 8.392555869357324 9.553110042727345 4.940358416920145 9.568309406032391 2.0554328661191814 6.794242555192728 9.48147637497901
6.854623197951499 1.1360611299253205 7.984736580339898 7.151348550152347 0.4109061475752167 0.922861001122012 5.07756820861892 4.917916877630147 6.448694664286146 5.436214602293031
9.76469467515468 7.164650388251676 9.174793630681187 4.667321351966197 1.2251017279632155 6.112249338338675 3.5577603094065 1.9574662494723372 6.82023463031981 2.1150235520128677
5.643765208705739 3.644148971139022 4.571874962589209 2.2367650095342575 2.221064960577307 3.7675501814851415 1.0188736563708796 8.98365703116489 9.119038383818474 5.937202007110976
2.8821301234029533 6.382750294411729 2.215834777258763 6.139455750489015 3.8579941307678802 5.475760904053636 8.03900945975655 0.9689521170963884 6.336626237348334 8.935502273865394
7.5487998647845345 9.338291630774805 8.001890681835798 0.5882473066771041 8.75744791978678 0.4157898513054912 3.7814660455406326 6.906275604631816 1.1370248648074974 7.515163825048404
9.058156677383966 5.88800689364737 6.654018320772801 1.4054269380530866 7.292864475874897 6.443131229908468 6.7173626819083845 9.821497550530243 7.0937114983433185 7.5401330506638935
0.6858886937461532 4.69034721007113 5.973207774530912 6.3574095589591675 5.301051431626791 1.7133841643490322 8.700751677097461 1.3412699547575944 3.9314075116723326 3.763098215547646
7.905066994893147 2.4883008187725904 4.841608092326579 6.3549965959519605 5.147885970794103 8.249968269118101 9.191396001782593 0.3582887405548911 2.3392221989550674 0.6956642771246058
8.463596226394548 2.643405645595259 2.6087378451271768 6.596931862981741 9.036007714710665 0.7871764664391927 3.4759183062766486 5.422970336762483 6.458984111135123 0.4889472593644042
9.596530097617425 6.447631776518568 4.177144990821169 4.080665314786756 9.262128919412412 8.82734600405147 5.95473003180342 5.567703104698496 8.870223018485174 7.987913582529387
1.4626408820768444 7.617369222936073 1.6903412582912343 0.8808115868900925 9.960530458975242 1.176797916327323 3.1446769947173716 8.835270976364908 9.435726381718583 1.3948050123278057
2.3679521946743947 7.489260078416965 0.5352960031911014 6.38461224158169 7.466874956879037 7.059041648709458 2.0279667193251583 4.6567818239114205 3.0336055088284435 8.657650429990062
6.77212458125365 2.0895218683033066 6.505868943467705 5.200832442951117 4.310128065771453 8.660171173585153 6.881983866875988 8.983646923637401 2.087036785724814 5.103662290250338
#
3.134579577060551 0.8355386781472562 5.675933464878689 6.2767468887676365 8.403159686818988 2.243214354289978 4.995908025732708 9.344470517918111 0.9165228483887669 7.1342919257898565
6.842178328356747 9.146867239870332 3.77172342399641 7.77435555505202 0.7076753758959642 7.95379893696024 5.455949769845686 7.651980524976268 9.108708430793767 9.241436879032161
8.56130098316616 3.6427563866583528 6.8183897287976905 4.46035112508348 0.4702773768036339 5.382260828007073 9.486002184645272 8.129060478620012 4.3119049852392415 7.139552865035262
7.555004008068937 4.102606002463169 2.00304298334593 1.3500657533761262 0.4646754070452115 1.1307667609259404 0.46090775644660553 5.0890472227099925 7.313676557262353 3.789671827326452
1.213985692817714 7.664901298916643 7.794525254085782 0.726696083014061 2.5027052002616004 7.779900636833604 5.109212689720842 7.42218478340008 6.570000311038457 9.868562898463235
7.992342892392153 6.661285944215787 9.259462131841449 3.0116244601927753 7.039149107991054 4.255907296018187 0.32025989561114887 2.7348911957547277 3.5402027112641843 3.667412977343754
1.35344556765711 7.37385838714518 7.55698453947133 4.69273496303771 8.09747038454457 2.4952929942275612 4.1554503689998405 3.812496947860926 8.516607278391394 2.740053081230738
3.3296464235241627 6.369224991211487 9.266858942624381 7.107656451793773 9.011029690820964 8.094666572554193 3.450215642969174 9.689456988111942 1.482278323553567 1.2533424156260073
1.9735366303994168 7.939380068399334 6.637344581537727 0.7902359262668144 7.869707189528203 9.241126048935374 9.579222158861631 4.577990805038248 1.9860164971640368 2.937307625377389
7.407843209187929 8.244821193417259 6.306371828251605 1.864331118556282 1.2244242493236488 1.4059249798431814 7.810789178605376 7.882737138595603 1.0731768952503744 9.894266974750037
9.042371100534771 2.9202346653142555 2.472517860429947 9.51714432508851 1.2740322708441014 1.4781570547093068 5.49920748424465 1.5917172167081652 2.382161744062826 1.3154801569565846
3.0640913238316054 9.65977832083818 4.459003057519207 2.2593281964327505 2.104741317582023 6.8106937305910265 0.3364364620499396 4.879452348693612 7.391433298318049 2.0130238982064235
4.874562266963665 8.69906780450816 2.7489233136640214 8.253907496436478 0.8862597908443437 0.8816898468955623 3.368011981672144 3.0464372858163986 3.360779685017368 3.0015762409548215
2.673754141136015 6.721992593345231 9.394911514954853 5.404940326384953 2.7218197239962914 9.250742800068284 6.368474547057057 1.4387302453603428 9.234369734997017 7.555895849272119
2.5819965313728885 3.5062703215880946 4.697408077527631 5.5961054159901344 1.6603442281043024 9.877106241701895 5.423784521728238 4.022884533245322 3.9232843442292147 4.493561521508629
6.048634210717546 7.900567467103379 4.107435367572455 2.1310758799968927 0.305153752061341 9.043945763421698 4.765385927496335 6.845544838042824 0.30640250077853004 5.677480820153719
0.6440065274001112 6.804478294997121 2.5097993822209066 5.6659182697105965 0.9621469850680198 0.5315394535850588 2.6442886332036664 9.136452667132591 8.955889875978672 0.7903623337485737
1.4982503767936137 3.904804342578818 2.268957590618859 0.4788903110029379 7.446385613339112 4.946513460901685 2.824509149131949 1.0310783287000556 7.133979604342947 1.9029792011140327
2.244664158670852 1.5339811318749512 8.327200951584894 6.373304993222305 3.201039352466128 7.245829621096101 2.3175872864591858 1.5473396458889677 8.671403213641934 6.524451435677347
0.42369420518486134 7.616958758204001 4.049088181857739 9.584582442309378 3.1001723249094026 3.260548961467703 8.123668478050657 4.453663210408683 7.169603540031147 0.15186515688008217
#
7.256181695430117 3.0649226904415805 4.842790334204396 6.281905913709641 1.6546651207387129 8.378645664134213 3.5619442818015683 5.057800892905286 7.605446146092248 8.429115881952251
7.004889296659941 0.9919514259421147 3.2354050865362876 6.829478016071832 8.89094110793456 5.291816493785432 3.813026268818189 8.296522676350206 7.051599583402648 5.505148338539327
7.7028473335906975 1.6578435220773895 7.2644654377164475 2.1744747425020843 1.020704264443066 4.830031850044623 4.650452462537319 3.4615928303477332 1.4432693803667247 4.015088865828022
9.537354894491694 9.306316367293782 6.114387376598173 6.631638636785009 6.52154053691112 8.086479134144373 1.615877238513407 3.1704589577439375 2.476526586508035 0.34774017911351685
9.682788435633478 1.789481874052314 2.449229169729917 5.08518787828162 7.328640291858148 1.6232170898637768 9.395055795587846 9.896157709356899 2.794472562438918 1.007840848704297
6.944382845725488 9.570418246560827 3.574280130705861 5.855833534152674 9.031025033276766 2.9392085689327696 5.716273856411286 2.0365657911138992 3.9369776098725797 8.525017338263574
8.435308592320725 8.59441133927191 1.0135957798137314 9.595013237801616 4.774081969313342 4.2976262136939045 1.301641234581275 5.377929186594656 2.938891572898461 6.431346814050652
6.846356496702962 6.502380666311919 7.175438706699163 0.37277504487959057 9.596822174044052 2.99547472883609 1.1653744164191586 7.505635317125273 6.179207480542643 3.5857254199999673
4.201895303756905 7.618786639433537 6.853650298296392 2.164119526421213 8.983682573128883 9.71598053939314 1.6967175291959933 3.007629552729807 7.7544365434452045 3.5402806809847895
4.702205490402925 0.6940866868579958 3.641566870126772 6.616304987428315 3.8144457206512907 7.452806550986788 2.233760536039192 7.389314327211891 7.604008452304175 4.481313653041449
2.9250571914191954 1.0570556724227624 9.414452541913942 2.920136830902224 4.338255376249611 3.7150944534142254 8.998515117319421 5.17932526102041 7.165032438960632 8.409326749192394
0.6807785998403038 8.746127018773958 3.5566957320567907 4.547105718496513 4.048270815959729 7.988770285956275 3.160248785258794 4.655031179405057 0.5043271290497682 3.2685669045938566
1.3226100275927708 7.39538641570727 3.6678293867311043 4.67321886721142 7.418024748672737 6.308230225685572 2.337649695875041 0.33142420947119167 1.794663218535637 7.2752383102023135
2.076037387066995 7.274654627573829 5.9469355745233905 1.9692707697440102 1.946365012576888 5.663156358435088 2.8518589152958844 1.9222246065205484 9.97722997989674 3.3102911146032366
5.219046892078837 2.0422655607090014 9.172942023846074 4.08016188615704 4.702672257635899 1.537182657208103 0.7798713264357922 6.884003410798964 0.3971075100933916 1.9586951588533572
7.32133138775158 5.814556837516035 0.7272591748687569 1.8935774049357454 8.101594032172951 5.6547624452516345 3.3938759343800777 2.63537741975984 6.419023935512878 5.728329827072641
3.3108063357325284 7.820365647149823 2.4817276781265916 0.8765195411691717 8.81336421632752 5.452328310744448 1.8389193676386304 5.632844572696566 9.09976027704537 2.30355056772324
2.7734558065010826 8.53784555629544 7.650934429303961 2.278130156832777 0.5254696217075612 1.886291576418162 2.332653350262589 5.2254054235237195 3.6009191429128213 2.0567172297525023
8.370392691604884 2.435897661369735 1.3355723772397194 7.507517901169489 4.793123338660952 7.122094569604865 3.124884973763228 2.620298759003705 7.073190108063442 2.7347871907951276
2.9009126363207844 0.32982789088967834 8.163919778124876 2.3618250161204077 5.842728634945287 2.747789514157406 0.7956134812546924 1.9881003512391118 6.977692565607766 9.713621179704466
#
6.709043267080338 5.892614983427947 2.846740945125171 2.8098742238152474 5.115022109277784 9.60930756133965 9.053653042042548 2.299931865429955 8.42005070216722 7.4016552794379304
7.654350347166031 3.838839052312271 8.746516729075582 1.0898044349019886 1.236171570440328 6.702885590762106 0.47172895835752726 5.360272638408996 0.30995224368757324 5.135519170035962
3.023050253599195 5.523377804894321 9.916975703129307 6.575070781592529 8.813932582075692 1.4899934557592478 5.516368664467327 4.461362479443514 7.575387601746569 4.611528053777648
8.630913113146303 0.5650295922567663 8.258514355334572 1.84321994194603 5.512950259485038 7.974697380658402 6.167246741921931 7.749985040817407 3.9051160485844862 8.597510844270584
6.034029195384129 5.040681652582875 8.396896956755523 3.3917795709431586 2.0417055621956717 2.8962512958902518 6.890358355627479 6.613878145875381 1.2193701905359906 4.399448465986515
9.826308023667966 6.62071509183634 4.989806460598438 2.6664328751890993 4.901410321740296 4.249926926707832 1.403422964562993 3.11089921678903 6.20917084125317 3.829113218253272
8.839095459619791 8.885612889666952 3.161837322081401 5.165787510693955 9.362461349813376 4.457206287190133 6.277456361131616 1.5239657615250826 3.4557744811302453 1.0058963793925697
6.611620624424336 7.179232422502067 6.514006141588093 0.5238176667769006 9.921153765444448 7.7654736960808455 1.3455087659637228 9.126916748559317 6.370089430296814 3.5916256690029114
2.797463383280547 6.899911944509929 4.627150282840512 3.256518473663953 3.998027785855352 4.695555239810039 1.469092534160961 8.82283487046902 2.204550894921308 6.9800269042677305
8.797573190403071 4.163509184800439 9.066819047419546 5.56922264756151 2.0281504757884306 7.064668067850794 5.342058495849384 0.5644408201366753 7.73947555643727 1.7282893213858568
9.924776925652935 6.261517189049981 3.6570693486153774 5.333176735994214 5.304674566480022 4.567170036471721 2.9551903562865194 0.9324038601206617 5.386147682889399 8.332810617816357
2.696194829872389 6.915759365136213 5.873262477415442 3.5503039183794294 5.364383417091887 3.7144066574900423 4.70257694722446 0.9449847491446377 3.0868868086805765 6.397497458231518
3.3505684752717073 1.3014381481919988 2.4031968433766613 2.3500626293709646 8.313381177038742 7.479941399076474 4.07508802721861 7.643644603875849 7.0242185818669896 9.327290528704712
3.064943218979738 5.669795482680154 9.174627355515172 1.9263026607866167 1.7917573331952457 3.1881465845597314 5.509706353992155 5.292037527086688 6.629947431916358 4.4896107229729205
8.26317454325342 0.4063280415386723 4.817903388703219 8.247709184861208 1.7054900539935307 1.5005597266951942 6.542353330550798 4.73426185843634 1.9915107785355088 1.3932284086111997
2.5993633726959495 5.331509385812447 3.8420684430729755 8.591937466022078 8.314130249704265 4.376084951922783 5.345109823554547 0.18195825813616562 4.3980668465020285 1.4261308792690115
1.1568908055561802 5.0796578552177305 8.49286135403506 4.854608949693993 9.242616749040927 7.563467934032312 6.764709348723923 3.9250851068587704 1.1572527149709058 1.055888420111939
1.0803982130788259 2.7671997540903273 4.437037837479039 5.058008900519463 0.602240264544319 0.10964118092312436 7.57860759262196 4.190003457674758 7.491595057873427 7.895299216323835
9.393546113614818 2.2611559324458135 6.583304836795038 0.23208959141794772 2.5117257570991582 6.755774453469965 6.494254244175798 8.80786652582648 8.80762105697245 8.65463244675301
7.639549135158199 7.125744087755621 6.410825937790989 4.038487035918163 7.123435431666075 4.247297641867142 1.3696547109912274 0.21805837016274587 8.307147116855985 5.198476144333481
#
1.1945018350483152 6.725785834313321 6.5646911898894915 7.389928445368989 1.8932852363081842 2.4644110425176122 2.7895660458923235 9.853875185806276 3.645786033313671 9.89207164513461
0.25310427513977096 5.327937629930195 5.841371759886707 8.571766662882121 9.90163853861197 3.5833100459383123 8.281632667926985 6.2836294442260705 6.407906047128584 4.012749907901219
6.05336682708081 1.5398866570763952 8.697558270056629 5.301669802552012 9.071751813572309 6.251804975374091 7.282840752120325 9.955367130554599 2.700558935233987 0.9506470805501204
6.441901315537258 4.7736660439809 3.4155399178307357 2.2479831479950767 6.547915079956389 6.370703151989892 7.795598777231201 9.462522276121312 5.955741678901422 8.650649912655505
6.855091862218709 7.476058425853508 0.3881910435012985 1.2319099072324828 1.92686284600684 9.501090369757986 3.971106468215842 6.31790175339391 6.9417766917943435 4.627728970483348
0.2468407959437089 5.827887059673175 5.022536367986476 5.964650958430639 1.8239489623051943 5.5107872509073434 6.140850022246793 6.392906752937218 7.733649515356786 7.661589017210432
4.86898994211084 6.272565956698397 8.962163176879326 3.8187795679710757 8.298256457305573 2.225835685891992 6.111672356413135 5.220021601177291 4.505308264064441 7.572099730237876
1.276876561349927 4.482541953896298 9.061351760176791 2.560514165323813 2.9245356960162834 1.9780164917297696 9.420298187218211 5.561561298466185 3.1761267013442995 3.717077151538589
5.247674019215086 3.9848397675051443 2.701619469572701 3.7683870110005104 6.25836859627356 5.57116545034134 2.000599750771792 0.4906932523336005 6.335404540385447 1.0000572319491896
5.691468637818812 3.2336630996977123 4.766461356896083 8.108802487970983 8.650445201224752 9.15755350801804 9.057868627833173 8.31625998296455 8.404957658065241 1.5476603714510935
3.6738168186330737 3.301280040631834 7.724939403677112 8.444383978749249 2.605652446871542 6.508320912080426 4.826658807922308 0.4728503614484447 8.421099520072131 5.407673056064563
6.213818939324426 4.981490763773092 0.6093475344263357 8.015260414398568 5.346734606869689 1.0706405858324466 4.922539701120122 7.222630409098377 6.215944320700584 8.793808476404243
7.524915811902591 2.145339279341357 9.919134251486774 3.6871111723215106 5.362237269760165 9.42883042485426 8.553587865550906 9.051783534395923 5.144211431614638 3.729118512961808
3.875393880909633 3.3901423036214293 9.605794980017421 4.095076894863759 3.5911954087301146 0.587602188260667 1.6014083463352655 2.4243135935334283 7.153181696055267 9.465404834625172
5.384238526535741 9.869655597098092 6.235185860582903 7.067625659475482 6.780731697573962 0.43641202181726957 1.663684188531172 5.043709455219496 7.13940736043486 3.793205552628079
9.561983622054566 3.978206876043278 3.1793602157918173 0.2339127819249196 3.088532443237149 2.2796808336464873 9.568141494299784 2.275511366763504 1.9254846356519226 1.0478376442328647
7.732947089449258 6.749814396025569 3.4242852940629898 8.381117098669316 3.749055261723477 8.061302461035387 5.023131130862313 1.9233199144418625 1.1278827387322394 5.132930448996586
2.423861944948756 7.1029135481111965 3.0765895593274823 3.7645632238626856 9.81977192013752 1.9571308547414676 9.096041700394368 7.759406816938288 3.9355861779035965 3.6000931608374445
9.463617125342978 0.6933055006068445 7.901192008576167 9.667645665262278 3.390989574892677 2.1270810048042517 8.958084481816758 3.073521598573662 4.350104512553687 8.069155984539343
7.775822769274429 8.496365231589033 5.602241863043104 5.118408976930288 0.9637855985233985 9.056263771445085 0.7903397606546845 2.185413041905363 9.41407867403796 4.255783290370783
#
1.2282684866288367 1.4459674286646687 1.8554687370326062 7.328784459544995 8.61669595718074 2.2452044722845783 7.954244756140803 1.633452585335693 6.449237181502217 2.969205582984538
3.853694155766557 7.914516696372189 3.091447617821732 0.21569362132942604 7.79015684755057 8.665361095060446 7.560693305942857 2.522414122818134 1.0225019475613957 8.968652264848037
9.984112148111247 9.66286218394825 4.2645458989577705 6.321101789681963 1.5918271778481605 1.8650168653146864 9.766582828135366 9.600124652485858 1.546583542902158 4.300941309833652
0.20784285232840105 7.0150874553632665 3.3525891486561363 0.537291141526608 0.5153679720278284 3.2131586536446486 1.0720645601214054 2.5908142000531806 4.848087266389767 1.536210128661759
6.902757060214122 1.4043990451503539 6.127617539995726 8.759137140030306 4.291738077588784 9.31543920723848 0.2456022930554118 8.222399912977684 5.116513231202614 3.835829500850716
4.608538115759971 7.185802449061489 8.921606968313364 3.141378026826162 1.3739383295466974 6.9627343930333705 2.7509509781843398 6.600316149008068 4.654603217240563 9.766037183002577
4.919532830400749 7.401084527990568 0.4809995203351134 5.433539240035121 0.6412962140728009 2.874154917715153 5.476492486201807 5.110576539780148 6.338131145617955 5.43690724107132
6.385828583975282 3.2158403846821373 8.59462102955315 9.285765037065318 0.8470757511670408 3.605534661783728 6.45020597130065 2.440123974739137 7.555748604379071 5.15972039413399
2.3496702106668774 3.576914106269114 5.444620875011808 8.080525906484231 7.973412376228583 4.201671133318839 9.917655341575774 0.6402134339535168 3.402981044084993 6.7710107363343734
3.7055364826823434 5.443823661933147 9.517080524346579 6.272083416190483 8.83766993866015 0.13578061388940021 6.4421955517707845 4.722748151438485 1.8303188160248838 9.534065241199933
9.44049863295874 2.4916752830943265 5.952889920119869 9.457772268356702 8.421751445222588 8.806856466889581 3.8136146675244937 8.301508704678042 9.235705505261596 1.9312492040640783
8.2900506801298 1.8550936889846557 3.505309147586885 3.2717728855371875 2.0103973056330333 1.471812696853143 7.906545704267115 6.411578096882808 8.790776863563988 9.598651880852099
9.236802703302075 6.477955202625123 9.973062753496475 8.0440322255469 3.0752428102365794 2.379089878599413 0.9472408645314259 3.6973050874768068 3.186090713468401 4.896915945677765
9.827366849984362 5.296483419287597 4.156309329044611 6.068783761542007 0.1453105440119531 6.993945018026034 4.583805376322429 8.721352254150284 9.083450860584492 3.3757019891230624
9.77211175400813 6.05273753495485 5.664260902585057 2.9094083831318205 2.407804253175343 9.719500773392967 4.688924593440937 6.721881929173106 0.5777350078634296 1.339549466872017
4.310481670186967 8.91596129761682 1.6833632310697255 3.0412544753382105 4.024699036119203 7.677052407112683 4.267406428353257 2.4395774859677943 4.882866353386284 3.0215089605356353
3.981791505481068 7.086622786204476 3.3922045642375487 8.801911159104646 8.179458816589197 1.9507737731562864 2.187907966933657 2.1303559059464265 5.398981714190212 7.167936669294242
4.277536943840686 9.33401497338992 6.010150446360965 3.423540250578322 6.985265876640395 9.620526382087387 1.9624034896754665 5.0935422533991614 8.773010863648498 0.806988239138617
5.570782862561937 8.192975976141863 8.390944639579613 3.934988047388612 1.6707767754143044 2.9589283043539445 2.392035330120016 2.500334732665292 1.166194315537855 1.1280112253450811
8.08658093550163 2.966218076766519 9.390214432831904 8.418452906065726 7.375752692233248 0.5434878672457968 1.11392812492883 4.690424578180635 6.413788263933684 8.048378218034836
#
4.217481028164616 6.830215835613249 5.198314352437927 5.535546433573018 2.014613836483241 5.120184902933003 8.58073799364053 7.624142944410942 7.820532989541658 2.8456171586400867
1.1464797249288479 2.084805889598747 8.613142413288156 3.2298719493858217 1.1480305169937268 5.098612760833607 0.7994110971571429 6.650800895388425 4.784025164771365 1.8347356511011568
1.1158171722585837 8.963842828970831 9.007536690672286 4.7551078190573275 2.2136867052325244 3.3288494455578848 6.844544460204091 3.1879184195161603 6.035288346671799 1.4186657452882883
1.9737577190212336 7.219405649129628 3.532805033792463 5.820169875996692 2.8906590809907433 7.0325638267869515 6.33157498377412 1.2911425008301487 5.443783810384056 8.791642581937285
6.134616300902473 6.12636501334523 1.5005497712992475 6.608472423501889 7.0384330455652515 3.7652334186283944 9.4064504481285 7.524407300696337 5.0779220850271924 0.4825855815626179
1.2271283759682268 7.160886898220257 9.408345861932808 6.320342224550047 5.824069463828129 7.5650074383977355 6.518726220929233 1.1100607198337231 0.2040185050698966 7.496576755062346
2.065777675019525 7.231669761096516 4.982038960566753 6.3457132157394 5.4434207438475966 3.3307927738830427 7.44128174991144 0.5838321081674263 5.312607631730523 8.101657035376796
8.121238381804721 0.20791519548695359 0.11351205968845424 8.690033737928614 3.0621598318014662 3.2277083023166533 8.193443988087457 5.833859395977077 2.1549375511018876 5.507089212014593
2.2054366070673415 3.469957647221153 7.60705737586996 9.738692891269153 0.7345239723530881 8.541291008421986 3.68731443850261 5.520472730922157 0.9508424036206771 0.39055753493228806
2.2703034776310207 7.828424668097502 7.95434683179584 2.94393650840361 6.555967960321802 1.6214873841897317 3.5532648753382414 6.609218234559339 7.728092403658222 4.2698398276976866
2.092480368107203 6.557323950251407 9.828975110891967 1.855734460127012 0.47695804448494616 4.170202474789741 1.637954441199068 1.1440860826275507 7.201722549379738 2.169751765746565
0.8942262028679773 6.500894108333368 1.8502625858877462 5.026913031115409 8.825985643797551 8.937226516634045 4.52423595657438 5.787365866717269 0.8360991491903773 4.924492482346132
7.183752677062003 7.445252436188807 2.5751305674726908 9.160818285497562 8.0727225633391 7.7476034284330915 9.038691997409028 4.0341160500617965 2.5207053928567804 4.471107620378283
5.260188140932049 1.0144769879440956 0.19731096312108143 2.2755594057556143 3.6440453211530217 4.945110755063386 1.0040042802118698 0.3524845695361689 1.1828606464278089 5.490328822340893
9.275603111024388 5.78948833915393 7.37843071448813 8.393779251292298 8.242924099250912 8.87110049017265 6.287541838767366 1.7127954037540576 0.3529021867557658 1.3273369966487714
9.28116081511396 6.4641444683806375 6.77059785132776 6.905256316381333 5.273916267748903 3.4698971380525956 0.17935259748002252 3.262369851561349 0.6853188320378116 4.4949514621274895
5.648285509366143 2.529131214478782 1.4885648529833562 9.165256578036411 7.4659884425848695 6.002033832099296 8.92484004480644 1.4143823157447346 4.12982675416391 3.4407859928884506
5.033930280614628 9.624558179144412 8.853337249370139 7.342750144375662 7.488174617555499 7.838814390378262 3.071370935701153 1.98302070899704 1.0691798717759498 1.2101555806957545
8.249561333376812 4.086039204787472 2.933259630921124 3.089127063201537 6.2308566624952615 0.9052140787139562 5.40150825722411 1.590683771004128 5.368043220256931 3.848741942131599
6.026838585077049 5.967240202710321 9.12346429146674 0.5374048206693036 5.7142391892299615 4.337322948194882 4.129230965552672 0.1743144341335423 2.6604760078970515 0.689794348399106
#
1.0937867177519447 3.787256681462111 8.85001152015757 3.7874884930526576 7.2881889733807625 9.523931037675109 8.282896021272265 1.3925669383589563 4.728578680399474 8.773879928915733
4.486728159859014 1.3602990406356512 3.246834625605688 0.41711964233944165 2.7075307780777873 7.851021535997517 4.203557336249752 4.245846634264068 9.674170239065813 5.501165361877336
4.354004312447273 0.10129571241589552 1.19341057935809 0.40132225224546136 3.586962044294216 5.5098874089680345 7.973274782468396 0.4965828843988902 7.635168371392686 9.341342916989547
6.722407038852667 7.253764756257591 6.547548465988959 4.035505405204721 3.7123167435085205 2.5000989633496147 3.0068242582392 6.733174914047861 3.8219338172748527 0.4236769958803608
6.759406522593789 4.79646376931259 6.56054680627085 1.987492168517199 7.944655798979722 2.3587751451900165 5.917707124414785 4.22874455023062 4.019184226209573 6.120523828261188
4.946476926281227 1.1023461546637918 3.773594141780304 7.176673371723544 0.5653021036450054 4.989922444764506 7.211920392294862 0.9162795462567077 8.875340965605654 9.247765876212569
7.9036203322591305 2.680815418886676 2.5448614546318677 0.6651833764312745 3.225151535816293 3.3180343680940645 5.600570511340762 6.740326468038914 5.485638348719952 1.410152441114222
6.336637278410288 9.035898795441234 6.220972530956141 3.1134934445292437 7.742219465480237 6.654967220524551 5.430585640710914 6.901179841056275 7.971285372115971 0.5061611416414751
9.518364392399873 3.08158153461562 3.6697991029638324 0.9515969553267576 1.1504985308741444 0.46647707093890656 5.938685644624915 8.287472884901211 0.34965867311685717 5.03029420305516
8.925127234583517 4.41396984124183 6.965329090998352 8.030752681633633 8.009558286764555 1.7257607038309235 9.118920790746092 1.255584442709941 6.942932495054075 1.1232392852830788
1.8451113473146945 4.783053099534719 1.7072579930902592 2.768784533724837 7.7395166388688414 1.5990015769258608 7.750523125473531 6.616250028756039 9.566453481888505 6.441522733888478
1.667276396885811 7.862148088964668 4.517783488511989 6.279596974102221 9.41013957580089 3.01701432170044 0.7115421424995967 2.086558032370302 8.36133251833062 5.359984162428878
2.947149342181428 9.6700975255389 4.390756762223495 6.022757688717162 0.9879849048419818 3.3433662614769686 4.125847073685342 7.099381964176284 3.4418919707629576 6.837760870924164
7.368642658628207 0.12512167409880082 1.8091273162651635 4.544896079295989 8.367210851171336 5.782595800639269 8.18397739539714 2.3585921378593406 8.539298366426792 7.432990405658025
0.5049857157177717 9.819151251103996 8.440155600078906 1.487875247615826 3.212058652695747 7.600218429148714 1.2960432363781242 5.110046398234564 5.1769509025446485 2.614705287866458
0.43514558204569465 3.9114919806508093 5.243013513203015 8.061592451415862 6.512772336337429 8.876975181076437 7.336184635662051 5.3498098192270405 5.872171899402089 8.843773933289054
8.075295326701667 4.909737331620356 8.72181937866188 2.5795273949460884 6.738436740727265 1.1728629371670216 5.495913893972969 7.528320465115439 5.358541757173031 3.3563260802082544
2.4402290861099556 3.243164982295866 6.462139319328624 2.2171774879487174 7.584717677122615 8.497125545853546 1.4786031735429077 2.570496426317956 6.4867531910158585 4.0757158625697985
0.5571947671024109 2.7276329606719387 9.8196805167407 6.827877315640887 4.91362853147174 8.72674372917431 1.305733875035246 1.2084556928040584 3.71062596276417 8.424707195133601
0.11041341676851957 8.878539280041247 0.9636928213326472 9.205549276330403 3.8430175272265954 9.44693829200625 9.932346705389755 1.4541319574471867 4.708133100033303 2.721544386649398
#
3.6841098820637233 3.8463835897381378 5.819564913392432 8.51392264532948 5.755951092719554 4.439474452331074 7.346151736517472 3.628882769071237 8.435917074695675 8.394370897776533
9.310719609647226 8.907443639253602 9.250746100861754 7.923672564996796 5.5182316581179 9.513086910001721 0.6473050896072072 1.0878351059131868 7.424496140977018 6.268619756684317
8.670231065461465 0.4147018272580345 0.693825246497016 4.149368779198119 5.8608432097152905 2.285209529016914 3.0450584185298197 8.397927767817846 3.0024782058206565 5.463993038263636
4.484002900760156 7.53129051769648 1.7059119931319517 5.708676962684532 1.610972381583641 9.950629636761878 0.3040926576019478 3.9785741285021823 1.7199237507697944 6.089873139546223
8.277855359280448 7.950068457168543 6.892700856375205 7.648382759210277 8.436290838845608 8.888619841062143 4.776474058028886 2.7197374419471565 5.349085901281583 8.965337396905603
2.332962223394532 1.531439617714248 9.091046859962178 7.983163906688142 4.356845956786267 9.572560917917304 7.157399981028261 9.250910801696804 3.27273815556493 3.1446560051745394
7.493546900954923 1.2121471485500561 9.305115323340313 7.443671330761553 5.765283569929954 0.9552952500771017 4.292609636891309 0.13847480588324235 0.5586612552424564 1.2450731373613402
7.760779469881854 9.84955170648162 5.007485326020393 6.779498212721547 0.5169341916141406 4.895572587276243 4.232947416902275 3.1380330990739242 2.792325903392007 8.159002902803245
7.2322617510292355 2.112592589078143 6.9785515002972796 3.010502215768327 2.3255874809053694 2.9942664494142552 3.0207955880721085 1.6347396942518508 7.397053579182144 0.32069635870184143
5.85435816936762 9.536177025243216 9.43485080476032 5.698559516679626 5.12067801197308 1.5567439130523106 0.3646410576567609 8.374378501140601 7.757092946885874 9.611923405589053
1.5229955725774622 3.7069662610201553 4.77009851320649 4.77101016608556 8.06688606206255 2.815201086729113 8.776943466329701 9.239810373864557 5.746060912799104 8.40389086558807
8.007038843202647 2.9696550394919825 1.9684418026633654 3.9010895369460545 6.846761540020061 3.755320015597464 8.606516017382154 3.967425456530746 6.821857482025367 5.669509233352613
8.081393869950295 9.983279193340167 2.3444469654686855 5.203670069634372 7.8633115057166 6.055878491188837 8.025188539613781 7.579098915268923 7.834163134424985 2.334799815687537
6.993929341562076 5.989593111546616 2.1960465273228578 0.6798940747813074 8.526442767022282 7.010061886664494 7.325497058261069 7.374871016183139 3.513827594268095 9.045418641086533
0.8773310131224177 5.528601310560154 4.484786239903137 8.555636840012305 2.327699045971431 6.169162170244186 4.8218458038689205 2.294956585426106 2.657860029956293 8.92321693032822
5.717488635999032 7.986101601351076 6.919526697641594 1.606968194096574 2.118968507314326 6.749257871182463 9.355414545304471 4.206540850167288 1.8180658004405128 9.881870480680808
9.077670710214338 3.641577122870734 9.371719268737762 8.398920652025593 8.838494496231082 6.301878519414895 0.8777435224102206 4.981854171453009 9.982895540639966 3.125176916498499
6.997672144008724 7.304985402094895 7.141035677350833 6.819916901288069 4.829762883782331 7.92410559129764 9.431414667233224 9.407022349782526 3.9114564072250984 2.0577584410802827
5.962264786710093 8.502499823098187 4.527140966005889 1.5014053498747302 4.391239067619024 3.6011532572217173 8.412247448918002 5.521298772928142 6.820582654273739 8.52175986540312
0.16467605496632753 2.773551225248619 8.830987828034207 1.8022316774940652 8.46960019914424 7.764267020955279 4.226688199694428 3.7533877490794723 3.81009807776662 9.123763891489656
#
2.797224887122219 4.214362073378721 7.78434927431735 5.316014055201321 0.8025286666239904 3.380684463104858 4.087140715526682 1.4018838612716369 3.345091792753686 4.1622922431007705
9.339932438612434 5.566552771259228 4.477693470923159 3.8318691203328474 4.748089642938713 6.490581306987577 0.4577121919038962 4.00843021803499 1.1251685691008269 9.242523775923189
9.772862880449477 7.970991041376486 2.3564968255130796 8.648848564550013 8.852011801000222 8.061252589549696 6.7876800660597345 8.460447274034482 9.174790730961782 9.519411080463186
2.0756230037951893 0.7433434481717045 4.646715842163356 5.828282834491293 6.00775979136996 8.816930444763724 4.343065174015487 3.9564115385307024 8.744483329657111 3.2490157032616005
8.694403891671543 0.9907379486925754 9.70455540752843 1.568767472780022 8.121656148850837 7.718939467023345 5.987586120780927 0.19056703176828194 0.8201528707216843 4.060893983722407
2.7019514759192127 2.705278959254566 4.522583132649907 2.2518156803915774 2.886019940240313 4.6870552310107865 3.7678875516210417 9.585260001624762 6.075379869440892 7.459965490272726
1.220878770707845 0.5017437464445225 3.763171483020571 7.960444637436989 2.0467668841119773 3.5801309484825774 0.7088617045802206 5.64211195604692 7.1151347267127445 8.419056557111688
9.614723836110143 9.893924114048463 9.742023908205336 2.8243029486560967 0.9862426229604146 4.1037350697568 2.939646212195429 1.7829623920454085 5.664620126647553 3.701171091117703
1.9345814034772526 0.38210073149113377 5.469352867621778 2.1517579511510574 0.8503317972180273 4.892328976826353 9.120207676074982 3.8602063953900254 0.7889274290387807 5.401271830976771
0.3109604586057735 0.533060441697728 6.448076443187444 7.130520587153854 5.509758334574233 7.3696300614903745 7.582985445142953 6.362116711729233 5.958987061914287 3.685100581109314
6.112206347347751 7.349680093419664 8.816644289942143 0.2411641088526606 5.747707736747737 9.013276692145336 3.5249429909221224 1.5282535199025302 5.442098720742412 3.7954964369874205
4.573153741150898 4.66005193060498 0.9932582036227116 2.202365041256967 4.965838686962575 0.7140453033764018 9.70292015710215 9.645437698600684 5.118928003653169 4.507473220386885
0.11188422913241247 7.52487926806204 8.645543836405395 7.939355314753334 1.6719940098519417 9.097301780606458 6.9420093954289355 2.8981768755354396 3.2664084230820665 6.777241230645972
6.933135398892484 0.14860631253072132 8.83273460471135 1.279860808264897 6.332511874354098 4.908652112786344 5.3669832114635465 8.335251317169808 1.7417172949741864 6.876714210032186
3.0857225044946466 9.426839467831151 0.8065282555894289 3.425055130379054 9.381830917608884 1.437944018023075 7.021513696869722 8.142556166879963 3.9074148668342765 2.10912229571471
3.997532420197393 4.851452593598853 7.211920738048367 0.14947354991442285 2.834400880333129 3.3445339609623264 8.348689227713898 9.367142280637552 9.15347969038493 9.148204079665756
7.585753545406217 8.464474633921514 4.1534879043706425 7.260483378453758 1.7951109163102483 4.874854901205947 3.2690872036896383 6.190972587219665 5.209566543009031 2.3791466075296386
2.9576115413120974 5.4538349892720195 8.89204685530673 3.6870047977978837 8.983474051494495 1.8081588814403298 5.4282363977698225 7.145560970691862 4.213619666840792 7.700856040034177
9.118425120825048 0.15674712492775722 3.8605339115510073 7.251010884903607 8.841653244940483 2.6529115412391047 9.19416170482155 1.1908362093942322 4.014087031214518 2.1674955212784686
3.0154691907729645 2.2636784163335517 5.261152749418083 0.5309660905462144 9.776173334272153 7.630010893121364 2.6625248256168614 0.42664470655765463 8.657303567767912 4.328503177333275
#
9.962426177042635 7.800195987301459 6.3235746441114635 5.212307531587386 1.210853790715535 1.6829905571958488 4.345989218330008 5.974211773561363 6.796461628853916 6.363956756567107
2.7907636484458953 8.645898782344512 5.073979160451326 0.9912817382815478 2.887604606928677 6.407676821774262 9.41502915964579 4.739188516277165 1.8268653055366277 8.34446760506706
5.20154798674666 3.041871742157235 7.170952391303366 4.148933397163388 1.4873652588895903 7.7803473572783055 1.323014218051222 2.290396984117198 8.497026826312538 6.587743150079097
9.810376875372691 5.898983968153825 1.1453402827250163 3.02483674582905 2.587558174747405 8.305252355373291 5.135421736697997 3.4540884948345107 0.1032521908993953 6.251833728235642
3.6944742006818934 4.153547208011976 2.9982475152118706 9.924562692170628 0.8933741832485822 3.946767940790571 8.98535420143403 9.950052749342298 8.34814492179969 2.7236198343042326
1.426333709800693 1.0988838182410414 0.18089331659276287 9.128675446817343 7.792925063065002 1.9409119611584837 1.4197698537888397 3.240161675142627 7.104581633595419 7.023683869460058
5.942607273089841 8.445809453608424 7.249150203191477 6.768311139060723 7.5566756870845975 4.001516217447705 5.334786760244701 4.03197200491139 8.218573703260294 6.983634420282588
1.5166167062163853 8.58298553895042 6.811419112226325 2.1860788202462897 3.3399307854915805 3.829844055878893 2.2543416932700993 7.0508506375134115 4.291681265677717 4.030046722614217
1.5165556415371957 5.121283350296151 8.501514778274931 3.3972521873999506 5.299517947982419 4.993975494137028 3.3387468033211176 9.57976254854113 9.432886000532399 7.256053404744261
6.551418690127651 4.586548077533149 8.934878656706978 9.112403936465832 6.206693494333115 3.807945884358591 0.64823467095807 0.9453542513063535 0.5060293242698597 6.065858636171524
9.697060197602738 3.593679198190495 4.265162750872588 7.5048911979549775 1.7899808816472018 1.8878950728424577 3.5404559273017697 7.199332814093058 3.862477110794856 9.483055636387565
2.913625391121866 1.562875242953392 2.1336391236129306 8.283658188775568 1.4071560052356578 6.178865811538152 4.025011963787258 9.824306581093536 8.886323595218435 1.392266128198771
9.053267261805773 0.42483931544116604 1.961057858520899 8.211107024913911 4.235164542818713 9.134465690884848 8.795117499177604 5.282793309221229 0.484030418618123 4.196962113479842
4.933616092168636 7.835267906772268 4.010718085118736 5.6848502518690305 5.107510831034163 8.096089177659268 4.618675043822423 0.8895910912984029 7.6387061420103315 8.701994997484608
9.618809183470162 4.6015168947054805 7.354381050286904 3.100590416963815 0.2771021961763269 2.2654107405141484 9.599829342111441 7.032339105448299 0.8967331532032068 9.058519838426383
2.1312520252729885 4.171625319617247 6.8825369387940825 4.560464924017541 4.159881103367051 5.838946190706674 6.406921539375773 2.83754734096293 2.6860205673463686 7.761789413567584
5.168577100690123 4.428005718644243 2.607194537473189 4.627585598029565 1.8384931895622265 4.147927936748118 7.1592471368632395 2.2980364792859262 3.227391458413887 7.472375288936862
8.717064382826692 2.794058925994685 0.994235132458674 9.799585062509772 7.429162734555817 1.4711830912440038 3.3557762860333957 9.832052925620706 6.5741437334623525 8.796102684607288
0.8609105729057704 2.094714138597416 8.82461422404149 5.104989916867341 1.3896651674852856 8.25874721340573 1.3699081944115243 5.855255035521755 8.178286460956626 5.1734099463847025
2.224636674969139 2.426756708551374 0.22033999063315246 9.814195301026151 3.9392614454704478 2.155091392971829 6.697411552105893 3.3401599463052483 1.847540973335863 3.742428921138036
#
7.53651150627679 6.481261265378273 6.838490159574079 6.6373841334337795 0.6948453138453985 2.613046761314162 0.14153844702326168 6.698374581650918 1.445294901215307 3.7708422965418644
5.153542721738001 5.898328447166906 3.9719409719626277 9.419869109422404 6.242581103949943 9.691464568963616 4.651000696211355 1.4203258254263371 4.735029090075993 9.182833344753094
7.87301592841349 5.224958447221424 7.786856058690896 5.316238857215792 3.1234717708484903 6.2702968087094595 7.819490909220066 1.9753487913695507 0.9020302651804002 3.486083265728336
0.5797078243525942 8.937097695792815 1.0403813892021727 6.719489167390738 5.433078940697731 9.585293650355958 3.7101821973594324 2.178350544797338 2.7549694798665514 8.152734806645366
3.431658270904249 9.796091463055017 9.301417275227472 2.624107406748018 0.8155502761168281 2.5268935922945133 1.06299224167899 3.9507204289084115 8.126812988630686 0.302703244833439
3.0454043864029 8.986107771200153 3.31700715056318 6.099219912511581 2.5902037169179417 3.0476963518182036 8.512093632333467 4.543456119669941 1.409944442720139 8.882766967204578
7.195047554360947 2.6435864009181 2.9553575742070928 5.865410535157521 3.4719298459640537 9.049215420265499 3.150306149921451 3.972412404562908 6.84177168074338 8.443244621831283
1.5509242568865704 1.7833862189979723 7.374559672066141 0.2168157251474483 5.077030232298894 6.703124921338895 0.16698190353740472 3.1113249430808527 8.925406236917574 4.309584170151405
2.168758231522226 9.70333011472908 9.965917967054043 6.405700812827726 8.194488331942 8.720939150166451 5.588837195546096 8.596768387022141 1.491191210444362 5.011912372350206
1.841972726069384 7.305991392665541 1.2857461068862452 9.741631337369707 5.167658624941869 5.383458896175366 0.3432633696341094 5.0981771160262115 7.323780486610201 5.840508281996126
2.1353899386910227 0.3194359396513162 2.439567966221265 9.944714921432247 1.4084328936781807 4.085830051576679 3.8966553634839727 7.119784634227349 4.984824184848653 7.046448236493498
8.987612098603885 0.2235818792305837 9.019249487148889 2.940526253983966 1.5862881398378605 0.2679254740052679 0.20504157355871033 8.380110003992474 5.196994984719668 5.196633409533331
2.946987469610056 1.8347970961092028 5.696607044326749 4.4470828504294815 0.40016145400008174 5.4332413572546185 9.473954099468877 3.71267827259439 7.474816193437394 2.3291190164347917
5.426245120348466 4.308234641202314 5.550339958327902 1.366682136714617 4.452817103174239 7.569900982272788 7.652401115676016 3.659023563565924 3.1804483735306297 1.4602718758653546
1.3149729089031394 2.5076954421721616 1.4324228692991707 9.81044255240365 4.292238701005056 6.541553365274228 2.8880104800541906 7.332425336163125 1.596719209627881 8.276283091312806
8.442843188180785 5.9769167738097995 1.4313047416464664 2.5025914634933204 5.654335146933872 0.9369002046731527 5.9215964180118394 8.62600852590427 2.5537815355006095 7.331943258964909
3.867707969485248 6.144827738845448 3.7336604693167983 1.0015958327454504 7.606192650961734 7.140472479465062 7.951575486059667 9.575161422236162 8.505462282932239 6.777185801748928
1.9960933885877234 3.357181642648573 8.52284173503817 2.1589245961301313 5.63694949662009 3.752373082400852 8.23987323716047 2.496540380675937 0.37808119946347496 1.8533523429425784
4.790663062743997 8.392973728604376 6.3692204871958165 6.6875818882690705 7.028467823303879 9.568795281909125 9.472981464891458 8.748012357321105 1.3249947540636624 1.6453682100389542
3.769049055203574 6.709016796191925 9.432242117608489 8.122866304561697 5.508186647472481 2.4303885886632806 4.288868083767329 1.6415229216431082 1.1724739806080406 6.7484791974067875
#
