#
6.041524107961805 5.699649730499287 5.600955367263163 5.513384648054695 7.217007251565113 4.245489756715365 1.9029543644871918 9.581110468583905 7.236789681317003 6.790139182549934
2.475956293760323 6.067810251055707 5.067188268857353 6.90039688915722 9.31167144369373 8.663958543658712 0.310861059082872 9.525597836956289 7.1169227978836105 3.373782561585256
1.012436890127704 2.8818160017327905 3.0497441484126595 7.553451335104986 5.194704824137665 0.3082784509654797 7.318838177660675 4.79127774563182 5.158576500930026 4.565984731217842
2.3553637636139437 0.37170309145508806 6.45235998337212 5.375247699889645 2.142797838941402 7.721209845894764 8.271901550754416 4.715807670742694 4.054178528628354 4.50334520934926
8.549209890863674 2.15545320327055 4.8526234855415815 9.29971070046297 8.328850168147788 8.106621295063901 9.457844754426704 7.809495723959873 5.843070947051298 4.949449954647442
#
5.108974622296862 3.228738871351522 6.656718120888509 5.467820386662572 1.4288069215088162 4.427566503355644 7.862204474446411 0.4335238528865206 6.989833278148396 7.678818389244569
9.601738256437642 3.6200631457311245 8.073650176200003 5.029334174650566 3.3772760988043795 0.6720655123754549 9.23420717552868 3.1080233682082086 0.5029884291004825 5.521701995276777
9.876006139331965 3.958561890225057 2.514478773289471 9.236222365262504 8.479931687314513 2.1562432776918268 3.847956544602745 2.203640636581378 9.617238745691077 7.854896471603983
2.0663639070038595 7.240163248984647 5.022434910077703 5.406506762643462 3.335529283430783 4.260481098576095 5.326373247447511 1.8614137104040505 7.3630113113469005 2.4273716357716757
8.904033594591086 6.9945768157124 8.276161319233049 6.0919228700552885 8.080037790124779 3.775130617345015 7.192442022786112 0.329635243951258 7.273921517195162 9.518223707603344
#
1.4306016219269018 9.003702950443538 0.8436550111960743 6.474112401349496 3.317725926001492 1.9428498150531315 3.3324358706088817 2.56534474748544 6.009565449869159 6.541705533697201
9.199456829868597 0.8562341276570766 6.74438035413492 4.702814477577995 1.8541358042517988 6.944328481749242 6.637818226960445 2.305308924837808 9.752550318372098 4.386569366868717
6.755558352918727 3.061691826770941 5.545151749484974 4.266236135716605 7.9694515669763675 6.391582470909129 1.6907579050959916 6.169588919966386 7.3546701532333785 9.214670581129536
7.1492138841420445 9.283228342708487 8.905465565006125 8.4360056774891 4.048666496271888 5.398288609797202 0.7653763690533522 8.142598039934551 5.7708702158929945 5.542248558716906
3.1492699888998805 7.034072685866634 4.5402478913288205 8.618760737187406 9.575478210818368 5.861610639586954 0.48022650769684105 6.279842903960925 8.068256638180058 8.870208711205098
#
6.06576475026453 1.8257468183002774 4.510915606832345 7.064428165628209 8.992601432335238 7.141166950736932 7.05741501676557 8.133393503046452 0.8291567829854678 6.095144566647975
2.555412155134932 5.888113351151839 2.9130672550674217 7.967148120239644 0.2397248706989279 4.491022552093729 7.385604945299123 8.571840216177945 6.884711894307917 3.08582338153753
7.897533102065216 3.046841974159898 3.3443641037899914 0.777649993851699 0.7274796388292399 2.6180117678288393 5.537110470302196 4.140890843302684 8.893167689056874 3.2824388648691674
6.624901973170904 3.0005959006842677 3.762192947583318 3.976668079320031 9.517222534531546 4.643813822347162 1.457922312526014 8.101150536455947 4.237453742205969 7.3814089660373075
4.784891530856232 3.38828317319003 3.815245107366993 1.3841103216246955 6.335811116543089 0.9652211186744317 7.407125000785367 1.2902777113812687 7.420176381960086 4.423272864863573
#
4.0967863393823585 2.6289650037835735 9.230015886989426 5.431845820039009 2.1006660500892123 6.800465595058739 2.261800891815638 8.018081076109802 8.472922994062053 8.020519357493734
0.5452196451358535 6.5842774944226905 5.576312436146269 5.742736432909205 2.9894370520346416 5.36801465179725 8.798251860739722 5.951867183554421 5.683822358966298 4.651141835097489
2.11592458564926 1.6479627627874636 9.340769844383647 8.343291300929453 0.822867215534874 0.15815817725568948 6.03699848961248 0.34096135662192495 8.502526821836952 2.7220090332608686
1.2752449067601104 6.98095350291835 1.6171772302051948 8.937703368344275 4.734232556979226 7.223885323753088 1.386064366003513 8.108679418163067 7.894872701714018 3.1110149497075503
1.6208373791237443 7.43304258216709 8.824934626900344 5.793728166875366 4.564131990311232 1.5220517069967578 7.9641082485006445 5.564180482694455 6.50527306726558 5.023639944026629
#
8.974921439756853 7.962473454468993 3.633155756858912 2.635253038393625 2.8917981566958586 4.81451196632453 5.85238232177272 3.70264450354796 1.957289219067266 3.704164643412028
6.330818544253898 4.77841419850672 6.88034615698977 3.4270219976028944 6.913580338951102 4.639148927570588 7.38014376175826 1.1144787719623364 9.267351005183848 5.52883383901297
2.1662707079239816 4.9176082626608215 6.918575299244508 9.177523642738239 7.759410096986548 8.65178938482464 0.542290082595378 5.292066086326275 0.8198983246856129 1.5044658169975653
2.4498905062908047 1.9349903607240386 1.8832921186539555 3.8041247917930883 3.0090251060805806 0.20748517724161086 4.891539716078327 8.174950349918788 0.3766234704122464 1.2809730143125568
9.621513091137519 9.538711679654362 9.023086129402063 5.468255920828845 0.7596314256101913 5.8180121159572185 7.481317846088512 8.3956836685179 6.741465744281063 5.0908425362642955
#
2.0342138051949936 4.447854851162493 0.7633826506122432 2.1218670188849478 3.093878686787532 9.157965268173246 3.7596350769767617 7.261431291655505 7.713592435154969 4.021677906525246
2.830685118115666 4.517093917719809 7.645667614553977 5.47541362692728 4.267988760238045 9.525144005514482 6.975499600946321 2.8940212572328794 0.8669125725554556 4.432909139544449
0.8326033092529048 6.4844614399677285 5.650690614548672 7.449115065275485 6.109605091591273 8.849038267833889 3.176301106327749 8.314065273400411 3.459069532786745 0.4115444085471198
3.987476592077286 9.78723458823218 6.619763038812616 8.219065602163102 9.568331633372775 2.326695431879883 8.44602594831866 3.5320717758923 1.5987867349173839 4.551303696213593
5.512754788892985 7.479073855124664 1.0654733780574683 1.6607218831336872 2.4083030417930105 3.744041066010026 1.412028488112154 6.010398506061267 2.1250113058777083 3.568321714438107
#
9.523796811554067 5.467276013902685 6.629581661587483 4.341464708696926 6.6007567035152475 7.037614319703452 7.36674661785754 1.610769986701377 7.228132423823265 2.2349493172683164
1.7785086351047519 2.8965776203541496 8.319685549654459 3.748286096169214 9.916590075024075 6.630383860431701 4.353472174751449 4.5080003169965925 6.628846721020259 4.21900540235662
4.167444410598241 9.532732527396346 7.551332347863664 7.611829502638855 0.5633167939291601 8.001642223366453 9.611427797903639 8.994059214402004 0.49112955868270447 0.89292584237245
6.398774450400094 5.200642105646115 6.211652387925808 5.791756023453026 6.531166512747567 3.0732244948910603 2.1592696650440963 7.513509574314465 0.311302655460616 4.1363335562372425
4.414873864493536 0.6078805668414287 8.172803428099211 0.7703836796619887 7.796104480918987 5.580264076015507 3.800324508978595 9.726191721478521 6.875375309545867 8.94061526979567
#
8.16528525322566 4.263783627728415 4.878986660211576 1.02209420045188 1.5869915108049728 9.13393430232162 8.948066101106365 3.2820288012111622 1.476524929894722 6.012488980163468
2.270858098524822 0.7373661237972238 8.407842233464551 5.351406257669769 1.3800672460883079 9.69908746104899 3.3984087052169274 4.037994076704605 5.467164738899368 2.6210719306885895
0.8495270213576793 3.835230681133743 1.9393480489005674 9.088211496811876 1.5706459976780796 5.382996868070447 9.167383789601127 5.145887545495268 2.597793349821072 1.7372477601485432
1.9082638290846399 0.13443957434139175 0.5020458773831011 6.698961025697403 7.679611591582562 3.8687466153220145 6.0133311942134355 5.385375504669588 4.1241904395572355 1.5118949073278096
4.1017190824848875 0.4309576957209398 1.898121237579761 0.3832328967361782 6.81395663639157 6.780021194864535 5.921797091041644 3.6393209198930583 0.13600008207978664 4.821623786322685
#
6.3907804011462215 6.8462631801367415 5.861458567974963 1.0074712405115065 9.909422074691257 2.0801631991123224 6.269970156932242 3.6615412414799304 3.5207080936456814 7.287985386801415
6.354060924729346 3.4368009762807747 9.670447471882321 5.3487193311095975 4.862739248879426 0.650390746025459 2.277731503040467 2.8804109263304642 5.1875033202901255 5.691645350130658
8.913026394337189 6.256320423960295 8.118453883605184 6.668110198718056 1.5333139774350713 6.5654192684021355 6.381367400249319 5.5905868535024545 1.3287605790837573 8.405298695493325
4.778949014639703 4.773638996836645 2.8002046254114723 7.9096936032315 7.455407993450157 9.673059289255892 8.591709093526404 5.697610939631148 4.251777775190253 6.848416263283793
8.877008463308915 0.4689600236758027 8.44056750775561 8.68517925036959 4.792086248714963 6.537345870115642 4.244365493090442 1.969235901655451 0.2914225618684245 5.652158647054377
#
7.3433625706456045 6.7619821603205015 6.254879676016253 2.3722546360507266 7.598574076185137 7.850532861822408 1.0137939541982002 8.67495416899327 6.17915933090941 5.158040446999492
9.898518977604928 5.550392024195844 9.313317645286052 6.0108926016513475 4.408909505875527 8.118675638378756 4.023086626169524 9.649194404948314 8.473812391940461 2.1094123506358384
8.230753983832141 1.1647520255331765 0.7612777747240091 5.851611535787026 4.674734074325471 0.8687363001328743 8.967135467267859 1.209891097703923 0.4227178295545082 8.171556219137637
7.1700074792420505 4.111341792103215 8.432862107358607 8.35605440205104 2.3301655131811656 0.8681741510327372 5.060515124772329 6.160186323944988 2.169896606500236 3.0695805618119376
5.496550638239493 6.924950094934308 5.586236064260881 0.7172262517659052 7.083666951007598 6.027831665211783 2.6642698804415454 8.609429073650258 0.8555596271077075 1.8620717761367724
#
7.13191648395311 9.410702296546823 9.953048309311981 2.2231844226534436 6.037534349921051 4.411504342141911 4.365871374918118 6.634109979119177 1.3855674882502216 1.668916160547853
3.4516560820400843 8.838447042714908 7.3503625117243185 3.8422612997685235 1.7376620051189464 5.521363440358863 5.080831596169348 2.449965401110231 6.528645776067545 9.908628604970552
0.8170722115941045 2.9143231147817152 4.357585316083298 3.9904833844258643 1.717252788801503 2.730015601096678 0.995807199889283 3.353497629823046 5.340354184617836 0.4489776100960965
9.36645205982878 6.5067779248246875 9.41908025435849 2.4797488731867046 2.2137302816993856 5.637621005249121 8.919690862314237 7.887476130653516 3.0989752386810663 9.32920664161891
7.281035234227552 1.448069195076373 6.4710170200376345 6.559518025934118 7.932832651814174 6.6694463400913975 0.5509772938678452 2.3444346382036882 1.4192232105809315 1.1890373299687718
#
9.203677157092299 6.520404324045034 5.13064074480921 6.2908350740654475 2.4507354540984925 8.294395566206518 7.401816976827527 5.2075334870390435 3.0865017914065396 7.541014613767857
1.368934116889474 0.6067341311966841 6.0522513064095405 7.637142918954404 5.683396107129147 5.790066519691624 9.114976254958886 8.716724288153165 7.830687408121463 8.9621055605151
5.6906997880527515 1.0275623336382118 9.5574784239073 0.35809007981049046 1.7806182316808532 5.013144160705419 7.999068429658438 0.9100773138366813 3.3561974829542907 2.146788954640922
1.3114160204216403 2.3367278363524764 9.640876287848428 1.6024373571743342 7.2881130343857485 9.247480373712602 3.029239033902818 2.455314673461326 4.812697214508126 7.433118408215958
0.6335081670627707 1.424410034104811 5.935866315217192 1.865276526197622 8.515191588356437 2.458396830854098 1.7979607204319814 1.4381902360097012 7.262282135712979 7.176470384450273
#
9.05850453998626 6.9348534987738475 8.694394238233658 6.158344133130354 4.504488643853573 0.9855404091150355 3.3835534127507247 6.228879800690077 3.4282892579627893 3.421842052268759
5.4106589026657534 0.6691966895058741 6.873402304044785 4.2646248022128415 9.463533123376205 0.4211600233035062 4.1311256601896895 4.801990261080673 0.7141465745782813 1.284107781558788
2.5554824906181266 0.19433512954142262 3.8127919747174697 0.5267478655038271 4.451960780076208 6.639111783026976 1.726647759805584 4.290353526114568 8.733204474575633 3.6499523192644006
1.2640973112345897 8.370255662575424 3.540006397033577 0.7838675108817093 6.136779095112993 0.44772486446837956 3.3534689391971257 9.93406309033373 6.664930529616524 0.8019551675887673
1.8530768742093526 5.139863247049475 9.310927495095164 0.6786039877749515 5.298662931832639 2.6641501460024504 4.989759096978176 5.481454731298483 1.3724091009754704 0.9630000396429095
#
3.374297971726464 8.728710181493943 6.574853551579838 4.000044462329252 3.980179001025431 8.210553238438571 4.929525233497732 3.8448513738566197 8.181331774855808 3.6668080447047964
7.832665297967071 6.346569580327852 3.7580170658202876 7.509055001395534 6.209685416975916 7.9286520701084875 2.7132284823719477 9.084497550952829 9.601883300033371 0.9435023701734613
0.7339505701288465 0.9646435581880253 6.196790463907362 8.66630010856695 7.545137924862825 3.439733498471261 0.7672173128503408 0.7688367047158149 3.7306014151732905 9.751651541353588
4.551325289672549 3.7393443273355587 2.438179671389092 5.156148163416923 8.775888731429793 1.6982764395531906 1.4682648325381482 8.297504779963639 5.311382327406058 0.588765005706521
3.5758829333181215 2.4853850010864864 2.1495049590709394 9.12514129969644 7.129454251071311 6.230147360703011 8.590256995647273 9.854097295553446 2.142970701864215 1.4336227284706244
#
0.9948219038184778 9.008762038792195 5.20518766705766 7.482313925058654 7.1141382420584875 8.381341856888342 3.9734537772423244 0.1015944388349519 2.943053719027213 5.08622258944349
8.648847531899541 4.243137694730688 3.3751988301810805 0.6878714656312646 7.2182281348547495 1.4681494315429933 1.013855816415477 9.898406361078006 1.858128236119665 2.4940021511735395
9.865902297575005 0.6903724367358652 2.4819224387714454 4.563847100947482 5.031218927721777 1.8146255668868831 5.631450510695914 9.558483377217428 8.433399936157139 9.011101549924607
8.1421137107285 2.6858011821368244 1.3950779501453683 3.3027279387583786 3.955385690183701 9.16359217136949 7.543953347996332 1.849408049182828 9.122761503670542 3.2926858554926435
9.03778632606561 8.691101390179503 8.395649782369297 3.872757360600577 3.4770313467427694 1.8409916366662342 2.2902790522063796 2.4937746615018166 5.56262908440843 5.567403559996142
#
4.944752766493417 8.555485024257909 6.759696261726715 3.436535439893262 4.9819325768230325 4.2163809027444525 9.511940976852072 0.7696092263841088 7.018916020814543 9.835902644271474
0.2298725415672802 3.15316974960807 4.659361599155087 6.632753143245996 6.253169964114942 8.473600214539003 7.511691604685432 6.916558226306587 6.401747921330795 0.40818710973444006
5.751489719981675 3.594836757878036 1.7878837160621495 5.833228112310922 2.6418892283439375 5.502506251598826 8.543923358943761 3.0185201934698314 2.8846853294024903 1.70508278171883
1.0684479277391095 1.6812344013786018 5.542811284072886 0.2897530933701784 4.235204982148764 4.519407282972105 4.504335138517044 7.045547076080821 4.502144059364717 6.499861503962861
3.1797905429102924 9.310351313012735 9.424988808360647 8.617743152349195 8.134901700584429 7.760550878408958 6.219714052735295 1.7939373482353833 5.766413008332348 3.6883354209452714
#
2.4309114693852396 8.85211690545597 4.054789827741866 7.998993509483755 5.695502705323859 7.449377070367191 3.791266271923963 6.296336507924445 2.3692256440220456 3.0797573898289716
3.830127645209461 9.74585105145719 0.8279603652139098 6.940007399648895 1.2201492262003355 5.297607996395698 5.590994084286735 2.1532858889091955 7.886507467631368 9.27587276187862
5.5423975231573905 0.4003842552542647 8.651854794472888 6.44546322896971 6.776844750490702 0.16406744812011365 3.9675272071774876 6.18395819594943 0.3937207346418221 9.552573972661648
7.472165755397214 5.685442357052919 3.4648437408066455 9.617115267894025 5.779723225191637 2.886199266448663 6.553178513237084 7.506628915890266 2.798639632097594 8.496134286687274
1.232039156808061 3.5371860349753836 1.7054242086958658 7.8794651625280885 4.837602448064741 3.779603771057353 8.316217116444887 8.693196640290132 4.683339809936783 2.8356508115273082
#
4.133709015134654 7.122906816045965 3.7218029381175994 2.3453372023756 7.023373770055681 7.2769643808544995 2.4818291706107156 1.3371867211040076 5.999816876754588 1.938455488530093
3.4938786265775277 8.105430934893766 9.762556987258735 0.3236784112345603 4.703049221158272 0.41879173856433205 4.824506934912527 9.67735539181795 5.73493476782109 9.84715981830311
8.512090306184742 5.1767933495870775 1.0876451927324857 7.182320531465187 1.3748227992851336 7.723868475988011 3.8615362532696533 8.997883469459573 1.2372873884596132 6.7356767103508295
4.024844529194488 9.930485567282998 5.1773043317783864 4.244832629127156 5.1148229183780085 2.037617123799309 0.4462905221842899 4.485698501308378 1.5983396940744337 4.122475605893991
3.5977221907460413 2.447197895542997 8.933212493612247 0.6015134906749031 6.89900291705248 5.07805037801807 2.2231371696743034 2.4765489613699136 2.5374000202136577 6.016854353287922
#
6.586382589288145 6.084281102133515 2.0970704464351453 9.437405983099577 0.8991514454244518 5.745339479668843 1.081088947907809 2.502468617272672 3.0745833776249976 7.866415991870783
5.8902298720181525 1.3494468154151562 8.109561257869835 9.439304063815928 7.9044737279774795 6.921410067698781 2.2765959609361817 9.192580394247216 9.58689582600186 9.37383443425033
0.43283359980742286 2.661181925914991 7.716289151149404 4.543480492987083 6.746448020030849 7.794800130428001 8.510914569082884 4.969525869195239 7.3343972398630335 2.5461303699985445
5.586330153009931 2.9998106529819335 4.380167113740502 5.087281657787338 2.5108326827084717 1.3275292747834526 9.40432951544745 4.381896542811742 9.0872026434022 8.609043676047364
9.471022135094046 2.5083053790168615 5.727768906549962 0.21837659707953527 8.959912081833442 9.493599343449716 3.7291716483605954 4.873076299071097 6.3678443352267715 3.836073870208597
#
