#
2.4722028974262535 4.38566804971445 5.30998479634523 2.5857046178625205 5.3617648275596475 2.1288258176014816 9.018495730675873 2.2454725580279415 3.216138408069065 1.0595924174901077
5.285078221265012 2.6972596377244353 3.2483462461033707 1.3253723307222525 1.9755072225410273 5.794086120869984 1.8581573946653296 3.857205321804435 6.3087260661783455 4.882361590148034
4.512630302194187 5.94338363953712 6.088438751161666 8.172444934729125 3.1084926847970324 6.563433585272504 7.236212427398705 7.248793987184483 4.646865505025923 3.8685854227325374
9.870035520270475 1.178432880930703 3.911474891207524 1.6519747689138105 2.906730418502523 7.509395681544998 8.67021230718126 2.054766398576266 7.272279577591056 3.7754313975398963
6.457248186508019 5.713619499831371 5.547157488622972 3.2929226666788853 5.970783166545625 1.342309176850204 0.7164130026396389 0.5484796350818311 3.123957985563659 6.901018480200092
9.98877896297229 4.152498339396551 2.437667488280606 8.690193287036427 2.7013718777921447 3.361194483193381 1.6406525402075265 1.31861712089009 3.695861993018971 2.3605135431072
2.65954497207644 2.007796480915927 5.757782728832164 8.129805102590426 5.829037038138843 2.932403881773912 0.5261401576167293 0.9424978041072603 4.755982238893859 7.781499813644099
9.272077842853516 0.25776107697928285 5.508699111793819 1.2915899012567449 8.231967408066142 7.731825250708923 9.267308758715473 6.752957818634565 3.4027511479688695 6.784221217137347
4.795498741312302 9.629684468144479 4.130819647591752 3.0530527605216604 7.132566560474822 5.214109347612622 2.2177428986569265 4.971138479681951 4.598944868950393 8.594998338829027
4.593710610350526 5.744374965688767 6.68796395511319 0.7456032907812862 6.725933217507771 3.2563105905210388 9.574069099320116 1.7780113447522767 1.8760249562156441 1.1165534843147156
2.584692348408208 3.2031513854519345 3.0464800785753128 2.9772944309346596 1.6708519053461148 3.7507598426427595 0.6743435047390731 6.602124234696879 8.455168000633169 8.229725858122046
5.0494794219963905 4.183638361523309 3.9378829769529125 9.639034910707045 9.72336365833724 7.142464342362356 6.5979481961922595 1.8002509017591946 2.188298696055612 1.6129226802994778
0.796809539442604 2.7365857705675496 8.04550821729831 0.17195333876226826 1.0805644997699564 1.2352844015195226 5.315301934365486 5.008981850920008 8.57715105917937 1.2802502166084593
4.7407827349823854 2.040297063833637 1.230256921956375 2.679194537976103 3.1296012890012004 1.8220724934879855 5.255079510716041 2.0686151680114246 4.0772748512977905 0.6035448916381094
1.2566149241539213 3.608236183751895 8.372524746023707 2.588999014892382 4.3958103231261045 2.1385165622896785 2.4190862407835865 7.712951903735044 8.910058773555807 3.646734757883645
#
4.413227379383339 3.1417214430383686 2.723167872236382 2.275840185262691 6.9471741944544885 2.6246665892830734 3.4724298170587113 6.7951555196300975 2.6734198896967385 9.369226286844171
7.180952511618601 6.3241851733471695 8.626092182117535 9.06038539756797 7.960616852648235 7.237502860158566 5.161484269474513 2.037053358877788 6.630194560387217 9.922251083346143
0.5192907760546746 0.2778960554459813 9.488318908316623 8.686635080081558 5.264758193216928 4.501462915737988 1.0599210561974717 6.476630505692826 0.2655170057936376 0.5342832934773254
7.268383684712086 7.280586360891021 9.634480357399323 6.092332412778012 6.99455612812763 9.36672168071771 9.556190584298733 1.8238337387968393 0.8095236887828268 7.730549401831941
9.684878227448761 6.127060381271192 4.0285609460385885 5.823556960321394 6.408345280857372 0.506634528901575 9.843663019475915 0.4230685273355492 3.0116083088940027 3.1972124950371708
6.943725061205617 2.4609992898327757 1.7558750666225964 7.916168363174929 1.3813052649216968 7.904465091054902 6.136673900761332 3.7794340729316307 0.9312828857640927 0.833716573306293
6.864816801928639 1.4724842308374315 7.560389469286983 8.440084434787297 2.7465925823656354 1.0082817328298184 7.463524778283556 2.584045346787675 2.4439022814607947 7.604387785390575
0.6647873711108199 3.9490895165361204 3.3750470075116135 7.753208152694443 0.6441175903412786 3.076956194040122 9.732016895870217 3.4460865785358674 7.078779925738643 8.356318825112265
6.836419183664587 6.792307750844003 0.5977897000610337 8.030747317844245 0.2417425475529722 8.496713990845418 6.813192629479615 0.922527042420703 1.2804961280269769 7.562159330773204
3.7592157517348452 0.24743123459569816 7.197173200814792 0.22076870423526618 1.789866003892353 6.011338303275718 9.260211342808375 6.491659672987103 8.850088909012285 2.503193489497805
2.2156645236224084 1.4833377445659917 1.097994312026536 9.670557437632363 3.263540045081996 2.7423697657166906 8.342008502407001 2.233690730711373 2.324392070429025 4.951896146871591
5.73875557917374 9.541119426393678 9.939529503972626 8.583212226474009 1.020430881755992 3.0660658252928554 0.4962417248045652 3.6856718166115856 4.6944166827351825 3.6909303955130577
1.0046998394547728 5.274061613302692 4.858067505878412 6.56154999162805 4.5941233386155504 5.683340682842149 3.5444790897412406 8.843157436347836 1.963865552170636 8.644449381342728
0.38611980251411815 6.72867291757806 3.2281799746393642 1.3573703724442443 1.8077994637558699 2.414108771007533 8.072793834661784 8.226419862214573 9.186746050472545 9.857337443858231
6.933185238107849 6.118027829092002 3.0516215392392176 6.875147607811994 2.379768210097627 5.172286985097985 6.65033097027343 5.47797642106376 9.269174038949231 2.349709412199377
#
5.704453784146917 0.4301552986447126 5.340342412863472 1.7618394114104654 5.065481346034324 5.630256130565018 4.901717353158564 6.714733118159867 2.5171955568173887 9.645448974775022
4.321499728008988 9.836508164691391 0.13989045903782582 3.719241626111148 6.029364581820407 6.494944536440294 1.4887360539843173 5.436247036276908 1.4926268389314936 3.465296332145877
4.736718778239265 0.10953853362229093 4.031311477413706 0.8776652415114601 2.704444529268528 1.9643005400463704 6.130344543997278 8.732597792423935 5.208066585929614 8.215870270427752
2.9414700342788054 1.5977736310446105 0.6813219629999532 5.654174770322669 5.778364861087958 1.4145268107448996 5.86045469802582 8.161309592707854 8.90784164763937 0.48158216800810294
3.2145038376246817 7.017294462227098 3.4678564247949644 5.382353402355768 5.577435909148174 2.3820867109419974 8.955626983452968 1.5515283458869735 0.6535680893584077 9.759868869001481
5.864781312182262 5.267607534028964 1.3217856751689183 6.371325349253911 5.00331161558938 3.18681515926421 0.565316500820991 6.999384492856773 0.2502746146172923 9.629434737302232
5.6392425407863325 1.413808712983459 8.416405856298843 9.859833479907792 0.9484037257727236 0.17588464141029014 4.138654505016435 8.350094708800338 7.522829648194096 9.202703010419548
0.2113042506066387 3.9184520056397774 1.307915865480414 1.5366083030092081 1.885356709648705 0.5562427832293881 0.13158174873832174 6.208157055093478 2.2375785375683517 0.5897576133114644
4.30012882828017 7.826024080760783 1.9347476486779622 2.9889871898430833 8.651723571797303 2.6609709586508035 7.6956515554212155 4.691010275399547 5.811667366247081 3.9350793839397555
5.895328556058306 3.7806422002219224 5.2689058707139695 1.624654101364932 3.650119025469785 9.098614212509387 5.904362182378388 0.2782804457536612 8.606061860932051 1.2401963440911365
0.19767086947049695 6.8553410029749715 0.1332182000817772 0.35713294651525374 7.450968419318313 8.815563890912003 8.56063793627793 4.687328261029284 9.230167458411344 5.2944486414651495
1.774592215992648 0.8819532695766421 7.443332238773195 4.81573287957947 1.9056407908572908 2.590222901627473 4.1505604301813435 1.2718457556380525 9.12443235287779 5.806675291842938
4.435738221506061 1.5478520548897445 7.939370449536799 5.3934951892223895 9.955753102108314 8.337794562403065 3.6752506906923954 7.503913045151604 1.540097751116868 5.866434327423674
4.979520835478213 2.6571740319503405 4.476163285767232 6.437453540132253 0.9360344471144568 4.517110636054331 6.201276207657362 3.7250597194710418 1.1761231991057568 7.810653998204659
2.1916509330369647 1.3456668306364827 3.772077754494286 5.100129768170912 7.44118229045793 4.979093539465473 7.220935451651675 0.5343050552029869 6.75243597978317 4.718402359487582
#
1.6665815337599672 9.409619096913286 8.743302085854417 9.725747430528456 6.1040885621342085 9.223257643746505 7.473932986851766 2.0869868704436776 4.757741176874316 8.919028861906618
8.702112452255587 2.389688260815965 0.9646362927543546 4.053080438543828 8.900230730150415 8.32161937436825 1.8839450787599068 3.788148096235969 1.5167588754479673 4.157691308112743
4.086459479699018 4.029850887828472 0.661926276984607 6.160067813473304 6.402555131295825 5.385320098822778 6.842120997815421 2.8138891688463947 0.1233506278305656 4.920954667933041
1.6508517937969533 7.418039037512624 4.89711523799857 4.089848242080735 1.7149254850728726 4.491509066461937 4.22646214144222 3.2982561703650877 8.455501486804685 0.2435645509729074
5.374427383561718 8.32933806553002 3.5312926341968804 3.7840931175588843 5.833634776059453 3.928382627195302 3.4370405972905083 9.868779759672186 6.582890455828256 3.0410553190137852
1.5846981785108092 9.478186528065287 2.6862817610698473 6.3576183410611975 7.785802923477209 8.497665638185028 8.461885516418118 2.170021550292154 5.290384825328454 5.635319162808665
4.863239136993242 2.196692480157756 4.674764703476048 8.753769895411974 6.057743847488366 2.785708370300873 4.048936243937103 5.411704226155231 9.654023244512274 3.6449061920621677
3.3847157115663205 1.1795637853279621 7.151743338420461 5.299629637889943 5.233046361637079 2.4683018758702793 2.1333043512383716 1.6218513151099554 8.183363304900322 0.5277537938388415
9.183605552938209 1.1616166151854244 8.56297768482775 0.44595666259898703 8.769814337911042 1.1645507900776688 0.7988909640230446 2.1219675640044655 3.356691327296824 9.72625294981437
9.792997510857646 6.024792895273956 5.5917896631038255 6.538146015184034 2.0305426451797923 1.6046854049793176 9.87721074224152 3.5233325771226855 6.171119842729792 6.807903412207473
3.990093167019098 4.9046663585711885 2.641341508690114 1.9968222738585482 1.5066188240788452 9.975072328193363 7.426049201184895 3.2140781804835603 6.84347528202773 5.441917407603915
3.8760022457283925 3.646120821823394 2.083045540943985 1.7687223518078032 7.600417912786458 0.6091663688093343 4.6552007138741205 8.663509082541221 4.437157311450494 8.3771557569567
6.46324060878559 5.06530723839889 6.335792471209027 5.4720770133943475 2.0406554073772054 6.0342782347193635 6.664164713261222 5.859466665892272 6.6522158409008325 1.371344302343517
9.51551895629743 5.744533694208258 0.21616424256147848 2.176518284023394 4.2954516292888325 2.579310651293329 1.1142045779070355 5.300388115050827 2.625602071493771 7.361413404604283
9.478881292075124 8.269729552585568 7.390960761611574 5.185483642675793 7.698405952320529 7.751469581900507 3.618651554027724 6.0335905840116535 0.2602494834014788 8.943501928936108
#
1.1110899496500117 3.7931072410762092 2.042109577472347 9.272603743156093 9.652492102771646 4.94161240495546 0.4660759669067511 2.7957508223703478 8.864875242094246 3.437266212978229
3.068154745809304 5.828936718911616 3.563242139041713 6.37052486304206 4.635139044370767 8.122203476650688 2.548467426281065 1.631013167575237 9.844063690163676 8.110868699397162
8.933298132145614 4.043259155771988 8.76936565589145 6.725958595815105 4.6754560076458045 5.2030713882188016 0.6820781512726279 1.2690788032764284 6.054555889522787 4.850776650104852
8.375267375778702 3.512190322336319 9.184393034208192 2.1715722962565653 7.641983461122025 2.986859203790514 9.160878093939013 3.0962611543355183 1.7491071722468141 5.157559752815301
8.011094202208588 5.649305625120016 0.6228905909165947 0.9173462811082933 3.8509436266964636 5.359392868613217 9.07227598049731 1.0903230006201938 7.928675751918618 3.2383524968727375
6.752724139975086 8.986469125104247 8.229959564441806 6.335999160349834 1.3074240011529583 3.741138958602943 2.2676040417090064 4.374278802453605 0.8529598557862821 6.110391139136718
9.513905532137468 6.983001135856146 2.0425440835981963 8.931961509022386 7.3087913760120955 9.983259957920122 3.133718828317644 4.914335933924731 8.610611783447817 6.240949214247742
7.786195913827092 8.407162014152194 0.31733762616462435 7.99178821617779 0.8148742358118461 9.165251128961158 5.253968867474228 8.31834827651464 4.790523742521303 0.8385560482480923
3.0881929478696994 9.267148720942705 5.17180296707009 8.253798348969733 4.719572693614655 0.9051396172389241 1.7192242706821355 7.402594387450394 8.207459281631154 8.587983866882972
2.9208544192534993 5.831483686757619 7.843311391862414 8.347957405843296 0.7431815732953089 0.9687501302032615 7.87308187974223 4.500293137121548 1.0865406739377739 0.8265946941861397
9.924315114220212 8.887701173996948 8.942845453669515 6.231234785444391 7.593851606534759 8.635562075601323 8.163579625825765 9.827446596877987 3.12715009257131 0.9359137653107545
6.810782303419146 2.862460568340602 3.911085515134289 3.359837257771249 2.0457500714565975 3.4341006921101593 5.810558954267893 3.129086934560697 4.737618882951238 4.270734741497025
1.6808669576027584 2.0139750545760555 1.8846216676604515 7.585515129923708 5.221889564458255 0.8898494175728056 8.345160294555864 2.757114214218946 0.9124395017890343 4.071659572334415
6.785775208574668 5.238019806842324 3.5161813020394606 5.441076276914933 0.24387705682168637 0.7146903134567406 3.681292212272829 4.228110625007681 3.597164137672438 0.970152594014106
8.0808233029048 5.677322495013318 6.082337785333474 8.38782362871287 3.9659049939634055 5.861228989952064 6.4092238243807165 8.323548448428872 0.9330354296097143 4.389757221108246
#
7.296628127257952 3.912330783266185 8.76884265300325 1.8397098062536 8.838275325388711 1.8028956602217847 3.7608778326331818 5.901301401772374 7.019367058568021 5.19551876246592
1.3250372725247952 8.67911651796408 6.886813716040182 3.590102749280655 2.939295977724086 7.040760457629981 8.06572967102186 4.635610460835884 5.520683762726999 2.2462765248250856
7.968822099668631 1.1942894778550341 0.26820955200079055 8.600273442443058 3.9565739089871226 0.6621934637688547 6.147341956919371 9.497002532972722 1.009225686001411 2.866943801920149
6.802777759393858 2.8752932765579997 7.3955516766630005 2.3560642809621206 4.798232854005935 8.493902915726393 7.844782022129461 9.193623663960867 7.003663904744588 8.801820002345327
6.119652780673851 3.593414291074363 6.457432602207976 9.037690261911528 6.489080573115284 2.1598198948683724 2.096252667937952 0.5992466500143623 0.9429905512586672 0.23447702859632535
3.424704179045442 5.343304137395067 0.454773563706496 5.474883130408098 4.857562157164225 2.5525545346789418 2.873975741333322 7.349604403367174 8.375734592491234 2.0850330196868234
0.15611318587467782 7.171636810368308 6.7845599933375045 6.1177300523425755 7.052092035511064 0.6159798542424051 8.36411172880654 6.419218631617078 5.361055216894265 7.513871571320079
4.529357826844639 3.745703810755094 3.462618496597888 2.8903648332321 5.779474792077549 7.664340329988473 5.976289858162936 6.00186387811598 9.102224503772385 8.56912575841861
4.144606434948417 7.813985994775776 4.279407760740585 2.8196822250424143 5.008639220720771 2.7664922617414245 1.2520322080706316 5.697024373418424 2.6764458782799645 9.211321243867586
4.65966773161424 2.9392762398089456 8.654471947975566 6.677939772658967 8.674632862565256 7.661545085769973 0.47735168485142054 3.286389029523448 7.782617590933251 5.605719195947917
8.53587620656143 6.443620339732995 6.397412527340327 5.283837019194345 3.8174005255027206 0.9928504980036168 4.974239888629932 2.1982802955080474 4.165740952225342 7.445549067341617
6.318912082018543 9.114645161401631 1.5095762843172005 9.760534444500351 9.835852127379237 8.059406731442877 1.9214242009845148 3.3273722759395303 0.5427666600078265 8.38771610398258
5.421487593597613 8.001555787295 1.368500009532668 7.723817090101964 9.478925426357641 7.857551429794997 6.439525011621771 6.1845272462895435 6.390108028133425 2.8315153091637217
2.7144631796666565 3.069858766607907 8.910836198008814 5.827459201234732 5.126941984444144 9.290183626264376 4.468018875228711 9.358690935491746 8.636011831761806 2.1085582080899172
3.294391425266953 4.875586522539516 3.1752378267061983 9.502330225695001 7.303767383949311 4.505162957696049 0.18242175454097342 1.0892562842087945 3.2303489901079674 3.626517335645975
#
8.78619063001503 3.8274195677548226 7.0785074281805445 1.866629438921024 5.099429038760585 8.884105494277112 7.442206769621048 0.9733908660298649 5.368483673343082 1.8892172734344412
0.5679220347008478 8.353139478714006 7.244022821610333 3.573739872412695 4.167312046936087 1.278646402090938 8.123956105782174 1.0933807547305197 4.458104047693336 1.8788643669869898
3.09749191695533 4.872176669193938 6.850492105097624 5.049313186015774 9.534373581871478 4.099461178399962 6.086488574612068 3.9908472946008775 9.088650138149655 3.94806252720255
0.45420708807748866 7.259880573351374 0.30276109861507017 2.631020333194411 2.322785706555653 5.71940449075061 1.2897102353721177 4.08691637682191 7.510183895812412 3.022838961326712
0.2360703183771271 8.465685481139385 1.1235201708212306 5.019193385673964 4.0619142193374955 5.16408393245984 7.724588148080415 5.424599594127992 5.823416653548697 6.678711429943496
5.294404495657516 5.879353725265095 7.521626036444592 5.252846189705386 8.240288666912887 7.073053473192978 5.5640181445083625 5.797445332852063 0.5677131719229997 3.4863276281711473
9.651680557057652 3.5197249297214963 2.91081482771803 9.345158827862505 6.43310531407667 5.2732669219196 1.1855269891292615 4.74951133294951 0.36537137434710054 5.064877913965582
6.289055941775221 6.206077428431268 5.537021540195453 9.823129235085364 0.6790148858514176 2.3324064868694183 8.081380288752584 4.246689401519645 3.8867309608815077 5.3208041565424775
5.120977114110946 6.241418120542406 8.787784724248988 3.117284373558891 1.5846971274201516 2.544973294365912 8.634460122297625 1.3971979815622784 0.11605756153959224 4.01484637506419
8.910988829741484 6.925788975920479 6.3619848459521275 0.39015431949872337 3.6640934924395037 8.377313060971748 0.7135453599420245 4.372815490635768 7.879727225245379 7.576658589329258
8.131081578433765 2.8429025187839057 6.44667027520404 1.518088830138577 7.441913312485422 0.1722241651784211 9.871468691602692 3.139563376430786 0.5509073571536938 4.888521931073284
2.2791807934011286 2.755238819542629 3.7462099339571333 4.911789026009335 2.6319795317905905 3.435364972074834 9.856235914678834 3.5633786102555174 9.471095384126784 1.2909960488651402
0.5808694777616452 6.431502115000389 7.650417387206204 1.1184998022551875 0.7875218142609857 9.651882165926947 0.8233574940062489 4.419710442020956 3.803823543678462 8.168284434387061
1.8445186174694719 5.123716828011376 8.109978453270156 6.566961119281352 2.0154373106931884 1.2146107944111826 0.44706722516498143 4.370507371616668 6.044706877319772 2.2263035157407405
0.3033714572790469 4.300007692386863 5.790395713909621 6.927872606408287 5.961364794944265 3.6311208130747823 0.353535853816088 5.562918413247195 3.0051819821016816 2.495322729029069
#
6.111505203033216 7.270417745672264 8.308437397484305 7.430944178784486 7.453526868485735 1.5179747821921419 8.570290419883163 9.892854779130513 1.0576634125801876 2.4737727128490272
9.121821711066136 8.752160661784504 7.453300591256307 6.126575657906145 9.463318244487354 5.319273655598348 8.393914203495699 4.700450842070964 3.4778043478559244 0.650105589278998
0.3137182116191175 1.8414537131766444 4.841215788873661 2.506617511822054 0.8535915958470639 9.262037917089657 5.898384722007528 7.308124083270814 0.40438621378372996 1.6823416078305664
2.3245708365166955 0.6183492891882425 0.2626883202960446 8.9851351135725 6.859096755042927 1.644327637202648 1.0340300886156104 5.991143265120019 1.797017062303381 2.615734264130176
4.8766444061013505 7.230899373879866 1.826666266768394 0.6715081300636534 6.904230403493678 5.457156631678147 6.790286784721605 6.868515481617887 2.552687354735724 9.57691477745001
8.962673243976354 2.996522094576275 8.79903064515652 5.159326703057002 5.290941988663036 3.5443060262813946 4.075078763329675 1.3554853934807434 8.05922992232005 0.7791809465804089
4.649640319822272 2.2920334815611207 5.944597490200446 6.114822710227413 9.049303094134505 6.176081483910345 0.959143883061861 0.8736593068166769 3.946517313294233 9.807583615779315
6.059698007118352 8.7460551781105 9.717824807033834 6.338648870002629 2.230612664735087 9.452061190316932 1.1735068016507442 0.2960877332478029 1.1410050708313944 9.224310253414863
1.4886678322075553 7.16758022278491 5.004287274357464 2.80417707503172 5.231518647466208 5.885861774356072 9.030740757049234 1.5655907817686883 4.267225218940811 2.479245688889465
0.5634441971810169 4.521875338342943 0.5896529030147128 8.271179794920883 5.982251867962129 3.7015118173676336 3.708809198662361 7.339912699789254 3.887286950959192 7.17492226160246
6.24923687737883 0.295247828831255 1.314200191307859 2.7385888059131305 9.713257838870227 0.37474454213509834 5.476212531893098 8.83573004712484 7.951664775750056 8.80484409619934
0.32532741343027993 2.0662832980314927 0.8924107964249348 8.457763392410186 7.128410896071794 3.666879756286945 8.673707361105762 4.254121262487983 6.822778175206105 7.394207200325143
0.8353646166122894 3.7264950851855088 9.575606621365438 4.508983911960149 9.262054324246025 2.3672580438007733 2.86323585373192 1.1424812377645819 2.431808148832481 9.111174045144853
3.583617826489177 0.5418415250470492 7.726555072929839 9.03632232965583 7.848964113625456 6.808622438893333 8.138067945229837 2.5262558683930556 4.993032112611232 8.892294398681795
1.5278094502347073 4.8511375430042705 3.308737429734025 8.020824812276015 4.930928474101454 6.085324166700087 0.16712970624610968 9.076460941747404 9.938413628327757 1.2897837425674736
#
3.232668369166243 7.24634619296909 2.1481486256928526 0.17062980356175128 5.177518586005903 9.38838839101102 6.61494486920185 4.156991970936533 6.532290550480199 4.044380296090241
4.599547102406981 1.2347870581515097 5.476670655288424 1.7032884224442038 0.17863795955866468 8.850848245946889 7.067012972737898 6.618320589761324 3.0446349073654586 5.414476468545495
4.05681721565938 8.944183900066228 7.306712304860519 6.260604383659224 5.100907891046002 8.898528352833477 6.826186647842682 3.950171342375728 4.68514047114531 9.490506592169522
4.26640366251031 8.472818456642054 0.31308000366275124 0.8576185500499829 8.06385080267532 7.1803585485858745 4.424262904672479 8.097382772911196 1.5106107465365457 3.1665366354669757
1.5953974884807587 9.677642353397712 0.2909385968560674 1.1585041121599504 6.0503527139780005 3.5045384100066816 1.2724476018507138 0.3785422917289054 8.730082592410055 2.8228385742224837
6.910123682105942 0.10576322573604102 5.765514890550523 4.898445499257289 8.050761868059812 7.049144659749964 7.958672157444216 1.3826797388337266 1.1773986446036484 7.025411422242273
0.7570705469481345 2.348564767557793 5.120088712002637 7.472249347069825 0.9400516510685089 9.519918605119436 7.458187457478649 5.151664941362493 3.8057967935120214 9.666775581174711
3.0521718889247094 0.3152046589565467 6.1327984073392106 7.6390757340679585 4.90123555025813 8.054536014214282 4.72692654567699 1.6682752925945152 7.216387873344679 3.1477893801866537
2.6869385313794334 3.594564423976597 2.0024421444284823 3.7280280893850204 1.84546837699494 2.2264370342196047 1.8827652110561641 9.654608118837842 7.548548322193918 3.456217386761265
4.044569992598745 8.914346935312345 5.04956915655629 8.160183535774747 2.323432424658311 1.7076195774966894 9.004468202068114 8.658009939875456 6.986629078988132 2.8068450819600477
8.160754616840453 0.34233414556186936 8.213329553805135 6.410103550381051 3.9566719877316316 8.663833482310602 9.651356224133949 9.878439349664479 6.285742687349147 4.223272927238902
0.6098175517422648 1.0654212983593854 1.639199762346502 6.909795223190401 7.325544972781917 0.8723078600881404 7.528948503308685 3.2179793057655863 2.8607579213359293 9.866114073902395
8.382225925552712 7.819541758035669 9.707143144322826 9.80101293228823 2.663165225650455 1.2721191406301497 9.610899823080025 4.65133171370284 7.6366565613277855 8.30543169541178
4.594803689314239 9.564453585984758 7.696183310483159 3.5110806771696264 6.931442218618804 7.59492052424348 5.710271531753305 2.951786742639212 2.92067883870813 2.5037148143289873
7.9283885690566125 1.0245584986346206 2.088147993697353 4.433462080076211 4.382533091151279 9.987393925138143 6.73871093017252 0.16750545271614214 6.603740083741429 3.7585812779163428
#
8.831723656035429 5.192557457448578 1.5252727996733206 8.90321047074469 3.304219517077836 4.805522218429372 8.606957092824615 0.7111441825193214 1.0477573418286061 9.975935239048194
0.8022548989980143 8.419532251700184 6.069239409342231 6.298024001705466 5.646714997826311 2.6941541050896403 7.939444242555053 8.61845365966867 1.7501355169341282 7.316452708972258
6.041290058193563 2.505373218715045 0.8804262169474795 5.655994155236053 1.1735653261941774 3.457736862778602 6.677485991927675 3.6285643462274604 5.6190051501311835 5.717623417630704
0.1321331748697281 8.53005555462559 6.442680353506627 9.641845119137281 3.018008771019058 9.11569742301146 9.875462582550352 8.9339031662056 1.6460639052782353 9.291464873506097
2.1070615587190398 3.3114777521606245 3.376072682981862 6.914982657545475 2.485249193719413 9.839250261985988 7.22313907704622 0.5873960822907724 1.4614475484265586 7.76731498563134
6.388709768685212 6.275539623556085 7.810516037945756 8.205491114374132 2.7612676104789755 1.425069084082513 8.9524801217491 6.809444762896617 5.037142095572115 8.674016847373922
9.188670129547518 9.312672586800222 2.7878326867562326 2.1648101759643312 8.87631065897325 9.916039033831572 6.801118988509085 3.1565322900438986 5.906757986791608 2.586927969832189
0.12426734484598612 8.840704633316655 6.980512379070397 5.691577725354949 0.22344896005779624 2.5940463499268622 6.084951631127613 0.5602802621690275 0.6436161716919422 7.312572884411219
6.38395387619593 6.579673618224839 8.289920059065317 1.8226930265251293 6.971858622907162 6.430830705487363 9.103008462966654 9.605199048494732 4.5908276484675765 6.684340981611596
6.085301729602577 9.826923379622615 8.828280700249197 5.477932969068162 8.122994403930612 2.4728450515826332 6.280766215648215 0.9365574684428415 2.7633107278759845 6.861717829390363
1.2253187920142237 5.107642673761035 5.248740537394476 3.7783995507816783 4.173182715574089 2.7104376107827846 8.681415587461418 2.136772948104602 6.14321927970583 1.7276117551554018
1.6147915701998374 9.824158425716256 0.8806922973205076 2.212164472407234 7.428218348039831 8.760412000052261 1.8888600132518585 0.5052226767305337 7.148653258662357 7.5331670625794604
8.870221324292995 4.154499809631263 9.395704957015278 6.930903387135105 9.783519863275234 5.243187823680506 1.4764073737027137 4.9169628699466035 2.4465566518708495 5.280560124206953
5.555742515904303 2.0011803331438403 4.534935119022832 1.1581147752721126 2.212365954500242 3.631960503124157 2.450107180792863 8.316966066944172 8.144722762074025 2.216152695302421
9.970506547116791 3.9356016307802872 3.256440049853744 7.71364385792139 1.8530468443648531 3.8228758480569525 3.7422652806137373 1.899139873508629 7.079876807990921 3.9273340351826818
#
1.0637765927272325 0.6985497998885224 7.877749648882949 3.105734097365228 6.767397388610383 7.039244291626207 5.8436267803873925 2.100726916536392 6.449244566797103 7.7813509644547825
3.9385514383410456 8.468352121188854 9.585717230671019 1.2620554569903888 0.7057540444088524 4.84060103222509 2.1726907904079855 6.215716413819631 1.4987318685158924 5.845285837095064
3.3092494814561793 0.5412525662200647 5.700854614621693 8.079514296266602 1.6201360826776674 4.082900051081762 4.8034898608814665 1.42194083544238 6.726755730522973 2.016174828276544
5.543847899184061 8.677756740881073 3.040598827575007 0.2444799910053792 7.583274909978098 9.74698357398086 5.62864238831183 5.2971995162887495 2.7394233788106175 2.544537808605129
6.300304628710799 9.556423315593605 1.3959034689110474 4.025282568921168 6.574453980388226 1.690440109218573 0.2899408767092826 5.294375360162085 9.290499896216323 6.991005974924426
5.859351947184035 3.1843958620527744 4.738106489900524 2.371653147116688 4.505376875390153 6.123508642211908 9.465426755397448 7.762862141479939 3.000279550056504 6.482075093065406
4.054525879515457 7.468440434247824 9.993289259831256 5.931955045527302 4.403641960433135 2.1875042651401606 9.347890557161973 2.3894834249139487 3.1242078247420038 7.578895702103361
6.025500028039212 9.60042524827887 2.7131660876942716 9.813104250483008 1.8785144321686849 2.64483306589416 7.815750280410459 8.273345571831648 3.8907993040841067 1.4579516324233146
0.63180934178685 0.4464351531808344 5.914374083668081 2.784486177757961 0.14787007193031432 8.040985438737781 9.393876446514362 3.7359602879467326 4.145630577578123 6.891085265493273
5.022403250581679 1.171780880825077 9.564985396367263 1.768672646283794 1.7545151166628377 5.5384181377218145 6.85811364413428 0.30688737397009636 9.423668774490633 4.809937947094426
1.8346408431848138 7.054533398711246 9.685099943036935 7.968814891860545 2.576327755122056 0.3774414148711225 3.058002544661984 5.128458756669065 2.4528030923341406 1.4703269871231925
7.257908471419455 2.383418654867778 9.878243648570088 8.065202973181197 4.504806271464286 1.8362527437243266 9.371935046585726 6.378764238238513 2.855259933486874 2.592636152762602
8.204127644643684 5.498528484289658 7.113415578045746 9.943519619292001 7.19701285877894 9.201767366857215 7.067483861352663 0.874386716872543 7.509979110620911 1.2841533034653754
6.9501437629806215 8.99764760794296 3.10060669273385 8.54966176073059 7.827901372471336 2.6726587663690227 4.462358261065641 0.9114959358613692 8.717846578678081 3.3336126864616786
8.705321821583277 9.188788418736959 2.3014247553077114 3.3147919585613512 6.440097913655941 4.034497787287575 5.539087839212522 6.198521492664824 8.41004176052754 7.760393408432229
#
1.1660620394665888 6.69195412114308 0.5231872797648389 7.610934056379119 7.677329973417178 8.270356429047034 5.3703443527501875 7.381149111532408 1.3617114575374196 1.3617318477741747
6.927015358995883 1.186354835968547 7.2701851757290274 6.028844059137358 0.9265269356492265 4.236380260550971 1.4382020930499304 7.901682678901516 3.3349508239852614 7.5654910000310025
1.8856500377030225 4.535414494733655 1.21263577892972 7.278358730983072 6.889408616847221 8.581494310994515 5.965855287042412 0.8184453946930459 6.1534581566470345 7.088657225188486
3.1583626630037003 9.954666767642989 6.65029371648568 4.3965533082249 3.597898365987441 7.489252204457124 5.062102882497037 7.032372189448767 9.40690909245911 9.490603758124776
6.630605449243589 0.6222120335260897 4.685183531286936 3.3743239608649915 4.101055187348056 5.010177284446586 9.955569656823197 1.505325385568506 4.068105030366709 7.745815543969119
9.44056170531329 5.171768997940647 5.23367291309025 3.338534132644658 2.0705721098046217 2.9821471528457817 0.5279767310894039 4.607855649049826 6.265774908362835 1.7643377755336314
0.877926700312627 4.116461036951854 0.6339299794249067 0.994627583433088 1.9332075841918601 7.102874906699377 0.6714919026991097 8.814133916647204 8.252649170347174 7.700517303019417
9.08310026422448 9.842903103980447 5.097927415149269 6.58623674123926 4.420516494864252 5.450226532807626 2.116349090278695 3.3382547960822126 2.5293198967770016 8.002060361521332
1.437739488689168 8.552487422037517 0.7096246281311895 2.3586869526907535 1.1877498845192016 9.16935879125245 6.496318222034331 1.5276460194675354 1.0015844505400358 5.657485424682378
5.429675575992948 6.6854180567980315 7.730420696241879 7.517792598173905 3.095070549832906 0.5846623476209727 8.295861777743758 2.254557203735354 4.706926809846639 8.761237214554855
2.21218493179469 4.087757113351896 2.8683243772290465 8.232310132771337 1.5869723675858625 7.749378139688488 8.450228842650594 9.643461599758236 0.8482965261205786 6.883493417462682
2.2073629588953594 8.487029561921263 1.6582501650807093 8.249141551740268 0.4147659414831466 4.108064786474701 0.5030691279687609 7.780490194966665 9.18139270514515 5.623757709556668
5.447450235881249 5.670588924740578 0.8005904116552758 8.988002800065559 7.6842023614175154 8.196079413510411 8.987938980883438 3.454224643345043 9.304611509771695 2.513373954841721
1.8080847541936866 0.24385508533889766 0.379895700032332 8.799730911257148 0.4103270703834303 8.42688238575982 0.9364519075924651 4.00570007228658 4.664084704991915 0.365100545625924
3.5843973392933597 9.4305313131261 9.424636420997473 0.23983055602056602 3.093060733108562 3.3529468606233004 0.3987219046681929 6.9554325653485565 2.647920061530992 5.472013894939333
#
3.7781287451107355 9.760745146686851 3.388519373545078 7.552660513856136 5.503866618767815 4.746093541103437 4.782491870138909 8.69767360651113 7.948021315200725 6.82575083476858
7.729504970386509 6.72826701909729 0.27396664291712547 0.3865795993564136 9.450423077051626 1.9429745698331327 6.200826405396412 0.7307617316443382 6.74802609665739 4.569151858687203
4.936758424501577 9.876258389564757 4.702580775868283 0.9511014190970686 3.374619812919902 6.404842373718238 0.29318895890451646 0.3888358322993932 0.7016278520346679 1.9071402869320333
0.8633244440921866 1.6998949393746194 6.92838127435613 8.259700271419646 3.258419716872372 5.433485148051633 9.922356383728879 9.725402020471032 8.152539308393035 0.3181663051173471
4.722033301454976 6.422732326265595 4.2782684868034595 0.4777235957625603 1.9941033097785201 5.345975251494901 9.26934156804796 2.913946130514132 3.0249418157094485 3.5426810285990777
3.76081841374068 2.041731062669244 1.5383385388386288 6.389020047881412 5.008249037889356 4.309939950508983 1.9671463726128322 0.506191445783756 5.69070727015862 8.230806501484665
8.693018842312279 5.352242388763056 0.34910478522048827 3.448339559090868 6.18813450875183 0.3720850061676657 8.073226395347907 5.4053204086039495 0.7028569527326276 6.751243259269103
4.374921145621902 9.920286385149296 3.651681160554681 9.692189178416083 2.573894033074354 3.678392151726501 0.2880084419245845 3.2731360740547846 5.998353117762216 0.14699118956853408
7.9753225352674075 3.0455635528768323 3.321986120909449 4.832557461849078 4.58335644997036 8.318324564739207 2.728930488293741 6.781887288771543 4.736209324278452 1.320237946480102
1.2191626300963483 9.157064577985338 9.818829018056586 1.0988716822929843 6.7360567902648025 3.8819066138081033 1.9754416745913774 0.2359202982359374 8.733564906470377 5.407244224906258
4.721311792258944 3.5719278405238706 2.8736174623304085 1.732456554701192 4.217999211248941 0.5678257861448976 9.72579250526051 5.660620620662956 1.4821172070298614 7.034802723649145
7.01381426878828 4.14752077511454 2.424656371254161 1.7062740708133841 5.211118266303353 2.0205054162932803 4.821123644656297 1.2943892115364752 1.851198688149731 2.1896533721218936
4.316961007906813 8.42705951067085 5.879648284201894 2.8442483251202497 3.2902719451208298 5.800474751310068 5.465484764104589 7.987929051541242 0.22485931396364656 8.717915051702391
6.071916537248044 1.4686077900507035 8.840425052421732 5.8325025508838015 6.088510536504563 0.39683594837478253 5.86592623342665 5.487230594325165 3.054879945634138 9.27220801904849
8.09390268319843 9.771815685281021 8.586640275674089 9.985850481487777 0.8536631783479036 7.598912280739498 7.244758608121136 6.837536933293459 4.381848957909236 6.059706830747823
#
2.0276076220389467 4.072431010641724 1.7065283725169782 9.891092323684388 7.277744824888125 3.5118785379598565 3.13547944666014 4.475095898594031 0.4093137498384598 2.2418705948143893
1.2012099417278561 1.4881849459461365 3.0804874391365997 9.806048988843347 5.323651517339435 9.63181678303094 0.20210334643537653 5.547430152142753 3.4524912242783445 2.881269296289251
8.996148837950582 0.9585048130267539 4.967833848348314 9.346578023838013 8.683328033083427 7.264520735227158 6.123683187801783 8.178177760664415 8.973695469280635 8.728391260765118
4.6474798237200545 5.406866818819397 5.905922512629982 3.5722220006916254 4.979922997516097 2.108014794219754 0.3544521098268332 8.092607248537849 0.7911629329065697 2.132803829243128
2.4843048878792446 2.6426679735753376 6.110161533453539 5.868486964567212 1.4556642655296397 2.480650506129174 5.037049535053561 1.171134354039359 3.512880107495673 3.4500661368481964
3.159592021864278 7.429668901553301 9.59372526911174 0.31055726161239594 5.056158356300126 1.137270912222394 4.2478903647972945 1.7069370623810531 7.539827577441425 6.754868627689981
5.100363732653289 9.823159539227644 1.2598568404116328 7.904268032301745 3.286964835887068 7.16819046158767 2.8666606413239286 9.907451228997076 8.082734821907415 7.908404329898396
9.049499267758685 1.7997616605483366 9.707040301095006 8.735127569405625 8.431811539940957 9.326374789019201 5.611543821744049 8.499354441219324 7.0161660495601055 3.800013943959496
4.002245688194466 9.559388453864816 9.496772106701222 0.320247808068582 2.547215925365969 9.228879374470301 7.572449245541927 4.387247188956767 7.0304397638841625 8.353112922539728
1.2774455517594339 4.10742531075548 6.515668121065401 2.3890036850094334 2.357664220735352 3.0896009460416622 3.182329180401826 6.6401992054633325 8.863266709193882 1.8214732473416886
7.266721507002767 6.6529301123234745 8.8520407636189 0.7900528221251557 1.703942101717447 9.351912198286017 2.6246724025520196 3.763657550214244 2.836388105523397 7.045629111862655
9.661740119315624 1.8079299672641622 3.878786377429214 0.27147390996605925 3.562838301251837 2.047582825505543 7.663765664611423 2.03172125895082 3.8603807888483583 8.455428920058866
6.522394114726315 5.733008526634194 5.972124630217935 5.095434237328692 4.653348952602443 3.757071178734086 6.0340866573117875 5.854462162802103 9.38255789662538 2.329423159658774
9.828160292044785 6.822446477732725 1.3180094660185295 2.061228787459253 5.153243375267657 0.5721950893342012 7.695992293196262 6.446016130316075 7.107196645731385 6.8206292480161945
9.053142126696915 3.005325990741915 0.8292323623968363 7.457821122419047 5.856542093727398 4.475188765680694 5.770991400191791 2.9575025090965212 3.35607605662804 2.6279987402907565
#
2.3024401434586474 3.6540440192688357 0.4110466203095964 9.146144866290536 9.246296135684545 2.163093479842202 7.424519368697545 2.026378223992972 4.754195131222763 0.42201785158180094
2.546809114095943 6.417383332822328 0.4279553474574245 7.728656689515025 4.457695240273069 7.967806303528558 5.146543384575411 2.040938192254616 5.340427113252326 0.718127248521923
4.50218910643649 4.968882380430326 9.606968508906888 4.007976020094468 2.3667241012716485 6.239197652342076 2.2280133590283833 1.1890043842697056 2.04178175013321 5.740088873843217
8.799969172303092 0.8322470033499982 9.544522157217031 7.480674315833178 1.9534240290996205 4.209304584716285 1.6444719731562003 8.437957377659147 7.011282760734037 6.658584023478577
0.1312903983940572 5.066442257262869 0.7463634598293254 1.7257126878890467 2.883335374024076 9.06346851846051 6.002477777295857 3.6075549778895346 8.942891388175285 3.9965631970545656
2.39095473516289 8.626706314104773 4.882715150768104 9.504642297829186 9.573221961740224 3.3913037864587507 0.632028360497678 8.96711847694058 0.7732355905750845 6.37060585003826
6.095453907699662 3.568611568822202 9.561599151071068 4.235591267185656 3.58967006412327 5.292346812817814 7.626580956107141 1.7313809985251583 4.491751160761749 1.2997186629915882
3.658982810752695 4.698244600474891 2.2951872721652467 3.389392272066183 4.762535494103221 3.9954011103011204 5.90501876598108 8.656103256811878 3.5348513897473106 8.234737728066914
6.216143147406667 4.090324298557901 3.7212280284080714 8.063697790613794 3.4816830867509547 9.269621743638911 5.028525719972915 8.871294762152548 6.221022918767068 0.8682517288993692
3.2437222032560316 7.930775081920618 0.9444160261178425 5.9795308524112984 1.2803210638068427 9.389077680590347 0.42290794788228947 1.9878427279968376 6.63767605542384 5.317334801323557
7.313127970919741 1.7060020065996797 3.1170647347967755 3.4680812245044113 4.436462920854441 4.119318528326535 6.8257250968776 9.055086125783875 8.828852221574367 5.707060848562294
2.2657568697388646 0.11899136301804969 7.256797844312805 8.774395491188484 5.1376893472363445 0.7609595708574535 1.9251689580909832 0.16143491550149225 7.7176167662412904 3.027617505280677
5.6793386689921235 7.765553385348887 7.304118478194372 2.1543554243641796 2.902556726511697 3.340548686192033 9.803990642156915 7.943031045629883 7.394811766465383 1.2440833534100282
2.4138592591425074 7.594850532208767 6.0788473230155295 4.235079061026936 0.30454486169725214 3.934382084404207 9.644620881298236 0.3758235881165186 4.669118527979385 7.686868925401212
7.35408604417557 5.024135457206083 9.115856368203149 0.9910943790667437 8.052157859365026 8.18561857203851 4.400458640174581 7.514493655637953 0.15968792445717472 8.986983908279097
#
3.7202502974239757 8.588333561978846 1.5123023340390764 7.398554608097429 8.554880087008904 9.655148483162083 6.1745395316101 0.30264330961570174 8.951243891613847 1.1713959119565307
3.01039660651246 1.3493214152286108 7.887190194809155 2.9006141173538316 3.673986466048282 0.49243157418501315 2.278573163884825 1.725835711596495 8.536787068817482 9.46320185233215
5.549664390552711 0.8045836641114628 9.168886614129619 7.492806061832887 4.036466115896233 6.816987571554954 1.6013451356793156 7.923712255194251 7.1126181229396295 3.880979888381199
0.16416915497141105 4.8570979231519384 9.582496373106842 8.500060428387965 7.557172687004128 1.782486114285999 3.558600057081459 2.676250582869688 9.368510272823858 0.9552246218559386
3.0476756504032934 9.729007962154924 3.669896234343735 4.1014185581476 1.1098670978704153 7.1502223848831425 3.816458812813847 2.6250943808758382 8.58343810954444 4.671577734365495
0.24032613143565218 1.774447412119351 5.892773177182016 0.9589108428938564 4.639855670786894 1.5368790741048 2.318524260020005 3.801503906457569 0.9141722086035111 4.478596579080587
5.375695545185752 3.459655693315355 5.0156076936204 3.310851995940518 7.519187077383787 5.658202720295685 5.447462445590054 3.5349473893607373 3.0071352358574823 9.02382332658717
9.870558354891966 0.2483180646780685 5.670352510018356 5.748246480640547 3.5630595904106874 0.8662878213255398 1.589799061543261 6.361614331885151 1.6615616769091135 2.15873661686404
5.600838737690551 2.18375001364242 5.809503961205367 0.47538325943178084 1.2277069714101274 8.021270979515107 4.735736644660527 2.014931600090333 6.881761061011758 7.552203075052752
7.588728883405851 1.4125399935437688 3.0822493598173017 1.550729918060994 6.013378818301339 3.4158941353824672 6.0863890874982784 8.288514891462055 9.130340503500854 3.899479406664492
1.0563663759283637 7.68220354656973 2.9395385491637365 5.950992641551651 8.284572370265279 0.4100593119533862 8.162654723672349 0.21695007804477306 4.780816341734216 7.8132121730743
6.570112473475773 3.285625119422475 1.5174841141718165 2.8820203236145945 9.985909706758314 7.724234082660226 1.281702551904996 2.106162154734172 2.2681093581528655 2.645575573853118
2.2022026661905 0.7191766472927235 1.442158776310309 7.60088087903589 2.3659662072816783 3.480211852567785 6.283021194658479 3.3958491450282393 5.824416434386376 6.838554312984588
3.944605519993837 2.236822010457241 7.701572344487433 9.55282890824667 6.895443677447141 3.9447658689447596 5.908641271562931 0.382355369728141 7.034208776751582 2.3205176488427717
1.0169778276623633 0.4711729751949134 7.14501006088569 3.4641981060649725 2.5561399870100754 6.871656645303978 3.9686167640654872 9.031918736938835 1.2119676194996494 1.763727412259608
#
0.5079380657193102 8.959133304331715 9.430146295852062 0.8956051416102806 7.748876914661116 8.233273074725474 6.6983872177890476 0.5625619587052055 6.01231776763739 4.844683039606242
8.693314295598146 0.7222565757278945 8.79953063930141 6.283337088891616 3.437425395587325 8.910219399109534 5.937442388778423 1.6442370566991706 1.3578879377823059 9.6549916885572
4.675270616920961 5.964150892830023 9.84669344983918 4.302406177542267 3.821208661531845 2.6186956797886394 1.046144383283365 4.404420772510213 2.3739185817129718 7.340222135346901
7.99684425728555 8.59300744404155 8.31641663235296 4.771459357515317 8.687730189770864 5.263509580496119 2.5009073327414004 0.596073275931662 4.536864990621541 5.036529989700422
2.2679324015085425 7.19586510005078 6.959923873424978 8.443284890589604 3.8345084896507924 5.484664218182364 5.809621936911629 6.584706348631229 8.863063519078555 5.179180998827605
8.748781840968594 1.9558087071650214 7.325346733856794 1.8323168033692787 5.133142506536828 3.6858630574857494 5.114457735830093 4.870128088891536 2.146767252845868 7.174332240159701
8.780488513906135 0.8417071396698486 7.194993374786571 0.6399208504217491 7.7268376088647255 6.0905942568882825 5.440158524944018 4.267635584556878 8.606723086851817 6.682800522966497
2.351108870259744 7.081244163990776 4.6568436630784635 8.479856827070439 6.2346442492410175 2.6071473651698662 7.055173831015168 9.467947139408892 5.519974419444328 7.219727086943976
2.9026285971404584 8.126762842847212 0.3535391523045339 5.757661330166194 8.00391841781184 9.285460485852198 6.3716176193025005 6.904920211703265 7.874747773149225 6.244114884942331
5.9567085831907365 2.526229171612353 2.5704625931848915 5.372912425390191 7.9382685077582185 3.3763871849808806 5.643248106677376 2.333944905568832 3.854587721127222 4.93257100840159
6.571673633535783 6.895038839277122 6.382445277583889 3.7804973963486255 8.01601956001623 3.0529715453281465 1.8379607522133643 0.9669400391441156 9.283369997919856 4.825438779796343
1.625136095582306 3.4261734470436753 0.7659244598159383 0.21277619243198398 3.62047735151613 6.10625282003457 7.930585267855922 5.8989432729661795 4.924982504959912 4.165095225282734
3.4516946197258527 4.812267104061848 5.237984106640328 4.983504035727471 8.406273614348908 1.8711773330162225 2.034103532876843 2.553205286572502 9.557156114794118 9.38847093620302
3.6743203302436322 1.9711294691360388 4.155566182594179 7.240410665583427 7.515697048410237 5.750661038723928 2.3988358774568965 5.911145746303058 0.7603674956388691 2.1739013725481695
5.061978332864116 7.2660269665801955 6.982118417935474 8.364870600126421 6.592216928452769 4.282079368115421 0.7235270077999507 2.1017593710803792 0.4175069392815942 8.825377018511151
#
7.59828471968609 6.776669937518116 1.495397940335189 6.582688118571576 0.9337461121109651 6.222327776363196 7.947200240520109 0.6745488731014886 0.692607578714985 2.6859606897542156
9.328972259927301 5.256908136468127 6.9611879459375485 9.748325009992888 2.339516930768619 9.515596937543153 7.837701269236324 2.8710296033697733 0.13720525894016067 0.5381838494185782
0.5761508275349971 6.046467076148015 9.447980635100507 9.098352237382986 0.25909451686523166 1.689305897112774 9.264809237470573 7.937897023276403 8.664410457321072 7.911190443919317
9.578956170689537 8.728274110257225 9.111270867651625 4.723138977371422 5.29014694000132 4.418723486333322 5.236141039916813 9.502987994079708 9.27601351352083 4.487302076103469
8.676930839481514 3.0500875738449595 1.9184813937797398 9.583978971055238 3.0131033862389396 5.617674107469543 4.383935951426144 4.7548209127981265 9.271206779131017 9.254743191181856
4.257940658556283 7.858255969408959 5.8681190436515305 8.105310114788661 6.467955342777529 1.237189876750854 5.3845956322817585 7.896313156920092 1.8716645849919091 8.15520427269051
8.43079155096337 0.22602499655355324 2.218251949238649 6.545833775237163 0.27617064864052665 9.483929920227716 5.512491227910503 7.106756886457269 3.789050750303792 1.0938695164965155
7.2833152895870885 9.851106281089855 1.447924716211372 3.7812847623674393 1.2081047345553766 4.689344167625379 0.16929619540909613 4.282388460224585 8.767710204240332 4.501530902402366
8.716892315136942 2.1336460156328148 4.315810411694881 7.851528636529466 8.541036529231592 7.850768827065073 1.6171047326100765 3.365064578250764 8.186528996340122 7.314772941629583
8.833151555779192 1.449020803230586 3.939329902359594 0.1555784803828173 7.4904479860422315 1.8597972735785402 6.2531381225220715 6.047614401531781 3.5651501036982864 4.6125268595904405
3.210111302104804 1.7653410000762295 9.630284548709234 2.7255761191657686 4.320816069601759 2.831779303490598 6.1336852927421415 6.526479770959467 2.3806762994105637 8.587936657699276
1.535683375500534 4.349380716774468 5.41906803822356 0.8169342375050608 0.5549274977075225 4.633419854213348 8.494546918511517 0.3850305614143208 2.7276901321666522 8.000549962686037
5.522232865209745 1.7114539423867714 7.5213815933259625 3.5803463436966636 5.102684280358414 7.821219626039085 5.999387335649083 7.077944914886715 5.1197214457135924 6.0334362788320135
7.173584368411355 3.5173242939792857 3.753476663051051 1.5176053860615015 9.734181128415322 1.8719658561567694 9.915755382265374 1.3930868870911852 3.103935464577268 2.3392509863919693
7.485157127593448 8.75346077564253 5.8590572614709515 0.6239421402742016 5.603950092814385 7.581243089500639 9.288855547862791 9.320268235814353 5.840739222287838 2.5592821856516603
#
0.2251756876416442 1.5107948141779732 3.6552569410077425 2.255233154144425 5.004652413109935 5.985242887035767 1.2796513600111123 8.500595221470714 8.196791018021012 5.746534396870186
4.505576584920188 8.194683320784169 3.4336607299939867 8.810475478055999 7.234737293115989 1.7978141186404537 9.971431110431773 3.622580113697932 5.213254285362376 4.349507156526554
0.8509796032917167 7.244739743809854 7.323989789647514 2.109281404563058 6.770851210276795 5.78143332203185 7.229507623817657 6.611837160624991 0.4732384766738944 0.20058450429946717
5.922111044445101 2.6094886050698083 0.2081052308338931 5.151594352326727 2.850437921402146 5.552067229897265 1.7529208818224538 6.271012691343439 3.9999262906960036 0.24191117153780262
2.940287889211971 4.220770225061749 8.743132399253811 0.37279758800817575 2.4394013130314183 9.929916019057835 7.900323305197601 3.5640303625292216 9.511971280994352 4.189439250188749
1.8507027992514664 4.283200939473044 3.930063263531789 9.904989042215746 6.856209957601086 4.847969518880818 1.9889873403680944 7.064173525086179 6.184275113612943 3.360625677185744
0.6221674612891315 6.335687505054681 0.44539972285167284 8.729865177995494 7.741991941233164 0.19906490611589067 4.513930291580952 2.1800338342157266 3.7563181322082686 6.523963621275957
8.648291719308656 3.2823440707829645 8.511794774528079 2.9537890726476412 6.001505364000682 6.652070469991786 8.584255733605069 9.778499153565733 3.352405048744381 4.650413371645941
7.530743344333196 3.446288251945816 1.3486738903677726 4.125565874664011 1.6907119821153374 3.3947802780300327 3.6589445634998716 0.15745674020318656 0.5063047238523843 7.358420866520242
9.44148828552372 7.622142423845861 3.6592317624970407 6.979994230561423 3.076353612525005 4.136570178411568 4.507818524413234 1.9928492249322236 0.7766771264669199 1.2145366948248202
2.9851498215075463 5.206025962567894 3.274667427857562 2.5040074462662463 2.0277513402462355 9.79889551707285 5.167568150469467 0.8366248489559212 5.234007777665743 8.051152689382702
8.320161048315969 5.310357703026467 8.345342827051725 0.1073912429989754 8.708089009057286 5.502935059706898 5.9565297802226915 7.927448647370899 2.4319097865330774 1.7125670773588504
3.8822551725274543 3.3183764566128087 1.7408918223089747 8.75406913354622 9.950462988182078 3.1433806841479104 3.769223872786207 2.0557864889748827 7.5377015391336055 0.8773531021613978
5.865152651447605 9.79478756204359 0.6712176256629672 9.62412177828935 3.8481099830935963 3.1694279945500723 8.104932528909979 8.03611394932636 0.7671888734719685 7.9366421155367615
1.4562518828330213 2.14883182540043 7.16359736367911 2.4151084988296745 8.290018999888566 8.067108992398044 9.406632526534757 4.791986010163553 0.798910289339001 1.5099916979344536
#
5.148819567495682 5.142327178733499 3.155164023559811 6.768601581225777 8.486488824183235 6.473123334260453 9.314220905575022 4.045890367612217 9.868963350173775 3.7598821178567317
4.843898091556946 3.431823116955772 9.88841390727051 7.01129639725231 9.267596732200495 7.171453646296042 8.463617331188548 5.3823797602980346 0.9806719185390209 9.886121294143638
0.9984921602645169 2.4164596989207103 3.2863599262983443 6.623339017497687 6.651542126364434 8.747425977815276 2.346923408819577 1.4649689141928608 9.193809630941555 1.0894164326226838
8.564638885207158 8.451635471638673 4.88523733269778 1.0518765154066205 1.034854540155468 0.5783695139522589 4.306775897940801 2.7098981707729157 8.94323860998108 3.185278997182678
0.541008097746178 2.01000040596351 2.466628571813141 7.4155546464411435 8.61428491886805 0.9232434206347078 0.6772459233243122 7.451774534397241 8.370679441122496 5.924821747321361
0.21456617446722515 7.71832799503308 7.391560717705069 2.646176541851874 2.646807385258564 0.9829209090985636 0.550924873026303 9.674304269259867 8.782036703599626 4.711624486665619
9.665793791044456 5.289255022732368 2.2993929140850415 3.2555786879746194 8.268804535180983 5.8438363415873225 5.62180283767446 6.636083088346311 0.47567570696717 4.605663691683594
5.9503040365642645 4.418139252804252 8.145399998686138 4.328136328253461 6.186243453746718 1.213559611552292 3.7572756550524558 4.763900420608441 5.0078805822082515 3.411752651483228
9.258480334796124 4.277133661561444 0.14312640528500165 4.0604947190989025 6.9915218875607295 7.398397670581097 7.170939381751451 1.21867725671471 0.1547928592666965 2.010499570299987
7.8588925984243145 0.8259856724357197 9.189549194006144 1.531764766616226 7.085127125688626 2.516406789344364 2.530671378080889 2.9244170357180796 1.585035714608392 8.739659125495157
3.367670494764501 3.501644042868084 2.984623697617702 8.755772656459774 6.770582137983428 7.586512656448528 4.061018023945162 8.491491123671059 9.88764321348575 7.419925464030804
1.0373303657600959 1.776005430432503 9.595019615801288 2.697746212023251 7.106431304210897 0.2875291999051175 8.961818617375526 5.665701415416715 9.402048510418286 6.145695086870271
9.89838948369687 8.362920485812454 7.0745883444614215 4.583928443825322 2.5573355749732194 1.7297085381065744 1.9564615128344065 3.713471714654814 4.050779054803024 9.390819155713734
1.4186901462657118 4.366167270768472 4.078572784603707 9.42886925758302 2.177480981645053 0.6436469668042015 6.147311124926738 3.4965506073661494 3.6924404854752213 2.0122936022612947
9.919827372014948 4.484018300621309 5.726504402998021 4.131898011286253 6.964812230997442 0.563425697063427 3.8730273986987367 6.481447061787231 7.179287187552379 9.824176185921342
#
