#
5.534084935808574 5.2935063686555965 8.940002781290096 7.098390760330574
4.415510680215784 4.559794238281854 3.0985203815038593 7.863833284637386
1.1649645002826494 8.168693398548918 1.2078788399598275 7.743018972057155
9.438092601156814 2.820205149559817 8.753072736482851 1.503564177140026
3.1263059423017094 1.5778644803277828 9.905371500913839 3.127260775183621
1.8259462950229515 1.1062926405007696 9.727713408013273 9.48331125195448
2.1477921745734734 9.53487048728505 1.680880444294512 2.770382929132409
7.0802455748501805 7.490169910327571 6.679630714754953 4.786038081752145
9.216170097949488 1.1485741406210166 5.678832852358192 7.227188431466275
0.42831023346593344 5.8569615803209505 2.6277483778721065 9.881296389254578
5.362847363346454 1.3294263896950111 8.992657271526442 3.2398489987221195
2.5212124150179354 1.6343866683972035 4.721090191921938 7.39691753900771
2.1887307542466394 6.362862831659816 2.8226582591591067 9.466781141030784
5.690377727882093 0.9551243786944825 3.0565655539060392 7.536814354077636
4.932223920287151 9.624619628762506 4.138066864662819 1.2060855732662796
6.811453498564999 8.809644457199528 4.228252579872089 0.2683092903621276
3.7281782754878927 3.839904994235817 1.582998781589092 9.961498047856498
6.480598833931284 6.877476601122757 7.9524391460470945 6.861877387718269
1.044701000697608 9.935775764190074 3.9087308899636217 5.5820678029051205
1.829963512807144 8.463723744897573 2.3611191418979125 4.075316201482274
6.35507244274604 9.717242701041336 7.606317684649564 0.3184682700942423
4.470168480095492 7.235073296373029 1.050674586324178 5.105232439901501
2.0820021790293977 8.01006540343167 6.959646095058332 0.9421504301699226
5.777942262712853 4.309676880496479 1.7473260345862536 9.481325435133494
7.563068535717453 7.234371398315851 0.31801650164835493 6.00228863860301
1.1279640899221324 4.422913200541612 4.060445041235174 7.8790821483193625
8.616110149320706 4.092797332779224 1.7942114892751468 1.0404848040757892
7.428999727912945 8.711392471744071 4.910860774656958 0.8184959231103992
9.321664930151698 3.642360049414532 6.671094334991904 4.663686254041662
8.306326203527005 8.217065173798954 1.3618250375641097 3.9664758353066807
8.03955587246212 6.256668300392727 7.803889323946528 3.0194824877124002
2.8621871787384583 7.9095446134357585 8.796174034300765 7.202388032677674
0.2367689663513488 9.90326576755691 9.898900311451616 3.818972007457393
8.344750486755453 6.64279362682551 3.1349607795209065 5.393306472348819
9.005153593852919 8.97190402355555 0.8574777062068399 3.171280675526075
5.3303123410745314 7.483603956744448 7.270240065250602 0.5647705698653054
3.115183842639714 4.360731963419991 9.223194216418358 0.11384010600481176
1.0839169234582027 7.156965650084188 9.499621853197372 7.614974501883838
1.8908072439815862 1.723092821373858 6.926585654233719 8.076462000451624
8.985457962061153 4.81132104179387 0.2245586167496061 4.498605380567863
3.8970751359004234 9.040348373374517 0.7644926645826757 1.9590008280028122
9.313650716553362 4.006668991166323 2.3610403700291736 4.894071602156402
7.057613108169198 3.318063217766597 8.097975511976513 4.406334190852086
3.755732190656879 1.0239647799343716 9.063353672975989 5.4714513539852225
4.672934563323607 4.522932364436083 9.010609342148669 6.304385183927227
7.443506466269843 1.4972270870225564 4.083817835323004 6.291394189754826
9.209901941861002 2.94679976694677 8.539430949066167 1.8813375971352997
9.476180025964553 0.3266151193474913 3.5711549339166737 1.7339470888450617
7.4281876658737165 5.365135905802049 7.818452293348604 5.203727418615885
6.841012191677236 3.762879325918126 8.300153931800779 7.3083808905348135
#
5.3057877106721945 2.3518625990724797 5.313055972606655 3.4449453660740854
3.799172112543409 8.318344364889978 3.142657121176053 0.5221769972406731
0.3798587274574343 4.787441333880984 2.9253847490705978 1.7151023887016579
3.5160048271450224 4.527237772377496 8.173521973035188 8.155243179180017
9.30073429219209 3.7495072698917955 5.069041350907423 1.8356701836422245
3.209644769984214 6.9506647190080635 6.503199382953625 0.2937945323399713
9.943350174718852 0.17399151418916592 7.91260685542659 4.433638236877424
5.24608664412426 8.165758465303984 1.6490715251302044 9.890253274431512
5.947632318548306 0.905414993771215 9.748082662140504 7.871097312243911
5.131866288856107 0.9346635183283736 3.8939453336745373 8.498440856730667
7.49148815780447 0.3298076297342325 4.6542751617041125 1.926672395755693
7.794327063566151 5.650001258123666 3.535026979512774 0.36782723153425056
6.043375124710932 6.651065807114604 0.24789360614910017 9.656759599993649
1.024812841828636 7.057420883050053 2.0821401646435582 2.6712834810887656
7.5791374160743175 7.780293057842714 0.2575407259649456 9.482898339287587
6.910655480963331 0.31374033753847197 4.252656703652501 6.8087382547926945
7.149505156115513 6.081557064697043 2.5912891616442444 5.520574617565278
2.312898735227738 1.5787947301354244 7.578064063500628 9.682499636950087
8.130733215641401 2.7611632597658695 1.1844157949868621 4.51350838010281
2.557533196152079 4.783580131603773 7.135642595725516 3.5563774152440892
8.267827737731354 2.2926205018634485 1.2444656876368598 7.724627513269574
9.605102177582472 8.410646379683318 0.730924657611391 1.6138602969618185
6.390067383656294 7.128730575153309 5.956046656543865 1.3565581006478884
7.312247295249777 9.64463415592784 2.135172722508472 1.8184054294993177
7.307509121475162 6.895974155526137 2.4914082622717615 1.1956554001303514
1.377204042865709 6.8169717637046645 2.9916258376887126 1.436182636717842
2.1795962601037684 1.5998608135734358 8.620491258839726 6.758314817424005
4.0200587359420155 3.2328554379481016 8.964548906035382 1.9864658268951962
0.444664037761898 7.5920239027920235 2.686512081310272 6.75234693442526
2.0102009038115383 8.973719648975814 1.984880703812204 7.15887943031473
8.103837377730255 3.8480081863463873 1.7698647075611778 8.016772297668917
3.7846775424048946 3.9205910097040677 9.288606107453491 2.2757035803575305
8.115527103227919 5.564207640479832 0.9512720415371634 2.3544952377221766
5.539029665032642 1.6336549825229807 3.167307513653605 4.130935465796137
3.107828877251089 7.815841165177021 1.9173094876267265 4.719017925199358
8.176904016273772 6.728239967342987 0.17575021705724048 6.760691978808188
3.944086958885679 3.783868433100606 8.316098656683717 0.848376093222381
6.830825680257013 3.3236588855911178 9.307319520380656 1.5967763626824074
0.3553555913980473 6.177674432547687 9.497262797771782 2.1221135941501967
1.3905212739111201 2.2660146220624475 5.925939190382124 9.388642469127348
5.175162983505326 2.678729833739048 6.162436939546009 3.155772356108243
7.248671631933812 4.612405066765473 0.28258958322289107 8.45879758724682
7.7464276959412794 0.6881036806009018 9.15163882726376 1.6044727204727174
4.836086964347886 0.18462419284848064 3.029545643501809 9.011123827975505
6.7762721481095705 2.4763624849790618 9.87497616729815 2.9740974603276924
3.5843822091199415 3.302346722467883 7.9700908997841395 3.8975755679997555
3.751362567069326 3.6917987093426747 9.956263162290274 1.1096399262919179
7.825675752543769 0.6497764665167249 3.2618867463227095 8.158799336969107
2.169934701621517 3.8758041566297887 1.7070508544698937 8.254862527550399
3.133223352018563 7.456543583959933 6.58148968620959 0.5038981157946161
#
5.974441015050849 7.392750563854992 7.378660926392456 5.761625564683142
4.438615448490859 0.2911272722392164 7.835618710584384 1.0880691118859844
9.35379495059694 3.439663218308627 1.0540279873423337 7.798414874996155
0.5813608142387494 7.825817025121259 3.3530270915718345 4.137318363643092
4.366549902343319 1.9146955611567695 4.954771767255099 9.606797409326955
4.636510904386292 1.170903994613537 5.810767902331605 9.174179238226307
9.217381025843178 3.052404039353692 3.76232228244476 8.951045111008233
8.156002774277237 5.916327547181008 3.906965138334074 3.4463880986432516
8.462333124296817 9.88726252735063 2.9734907620408313 7.6939324136692875
2.5841713393652275 1.2476913050743028 8.385849327788653 3.0824033584288326
3.013726111353311 1.2160538174132935 9.515028548744747 1.5731336918480534
1.4412346970502363 7.152897754056123 8.623507557104693 1.8758414463898725
1.9588963482083974 5.387481553814719 8.647210552705733 5.2608652023623845
5.655781761162398 3.0773630859859664 5.388128951899271 6.255755707064121
9.031128399744892 0.41292715749305753 5.037594972734245 1.8906868641359464
8.975808362040159 3.906858454937315 2.153081085277507 8.925256922113537
7.70872237024799 7.201833994954786 4.750116682797698 9.533791362932835
8.702995204751613 2.2192525529696723 4.202267599606949 2.449910142784917
8.719250075139396 7.101878608752013 4.639961429869281 2.2335251124770203
2.7034830855795837 1.994596607830514 8.987257998608346 0.7773493312130091
0.4492316259767932 0.1399524295912009 7.229988421727901 8.590569026661239
9.859434786930084 9.893413477610661 0.19738042500041875 2.1735521084916662
4.108632896365279 7.811218625204921 7.825960863189763 5.689945655860925
0.6726525764732276 9.919092546698892 5.667890521469035 1.007722538769646
3.889653089721606 1.5147382458589824 8.361711309736528 7.025514309265538
7.7957876001358475 6.617128019073775 3.886286439429104 2.365683710532189
2.5424849109939496 8.215447692797856 8.596611652347868 3.267934883320223
0.532782587265312 8.308336935345627 0.3882780212532442 9.483795592685649
3.8341558994455625 7.231967664622228 2.4369883961246783 8.368166322544722
0.49705401734613197 4.283150865145295 9.848189744236457 2.8271255396718913
6.117232003637411 5.740010221835694 6.830706360722125 3.8693670238878966
8.621985038456504 6.646807677507589 2.7009547884228997 4.348341759759546
1.4930043072539854 2.2650382072466977 5.6269119427252825 8.744874300806522
8.81904883269897 3.076676085294847 6.996171126618556 2.4497746627311625
0.11017803008672189 1.7909451904801985 8.49564728134909 9.146182777009948
9.557057856257785 5.140035565986771 1.5624141529929854 7.324216301989326
0.14167156442805862 2.1834427286715807 5.802578426281125 8.313710166109658
3.0112358885726973 2.4763929481679554 7.874322703789064 1.3116878679631476
2.5273064773011265 8.943185101168506 3.352809375199212 8.758261487006271
0.3696575399533977 5.394860929400861 8.539580750230137 6.731582912775125
2.6051638372370887 7.725572236318973 3.9583717718972755 7.49634523851479
6.801784255134823 3.94047057775093 5.210314435502587 7.489453084939032
9.29751410999976 4.348696846305089 2.527984670497939 1.419089655221693
1.02340467769499 6.419012661643562 8.159194210523086 7.02026182945591
1.7897985681285609 7.951964640850658 1.3972124617191057 9.8513005576798
5.509402111652168 7.009037617258503 6.012142507490269 8.08811622858935
9.256808826352191 8.922186764672443 0.6608848466796058 3.838394948069098
0.6761469688560222 3.176501078630448 9.656019622950353 3.419165578989583
1.8949335239466585 1.549967086710959 8.456943103742539 8.18033408006428
3.732815828077219 4.7155718691566895 6.169531725421439 8.138161282541269
#
0.23888867275996262 0.48208467001842426 2.488040588548882 4.484793159583302
2.9833792892595237 2.4216195974665737 2.1960679594301773 4.146423116069386
2.094558581790085 6.228165169683789 8.620002033764031 1.2238202663543212
0.28586577056810825 8.853248409159306 1.010695760757824 0.5866743057120294
8.048491380852296 6.9435771939562585 1.5887130082907879 3.8243859933396767
4.787778487344687 1.3351161093882085 6.1704087084439605 1.1878228085436442
0.3563681535903287 7.14433778007383 5.55053556952638 4.310790946698
6.718052222735261 5.551739729871447 2.136761819451759 9.952263123845277
2.171082439604467 3.213186844080497 9.952787258499951 0.6453478550760412
3.29006901316812 5.365854010478559 3.116265979657477 2.4678630800959334
4.0476521776517975 6.501281052606944 1.9096137706329142 7.215175023061497
7.306206963061403 0.10680013128016075 7.16815043255178 9.502954188606925
5.8079835954490076 5.233251716169354 4.748431510175213 0.46561700217789426
8.347525174775516 4.770825081928825 1.981257428352548 5.578661407094603
1.9124053475592295 0.13031503697398872 3.124786650686242 3.673849939513916
3.6545998871802814 5.9882844160865725 1.3124835182359633 9.87587292050614
0.6844613610381396 1.595601305562444 7.082125531167753 2.512328751213459
3.631397747802873 2.3007286866546437 6.519311602359943 2.569777132249385
3.7159206544668226 4.963909094271695 3.1357753793908687 1.4450899846374727
6.001516455773151 9.446723042008635 0.5833735491226824 5.137905173489802
7.689669378972535 5.809363548401595 9.384647236656082 0.3001809015521264
7.721841583650523 4.115934659509438 0.4615073829217593 8.635666984130086
0.6426903083437789 0.16528989191057342 3.743057328135021 9.233514202522
9.5317798704565 8.580227417133337 0.2593754692490613 9.010022142054519
1.4484615515448294 0.3356256101479804 8.014826682760573 6.756267389633289
2.133780677403272 5.605762622588259 3.9841557817845965 3.407590945613941
1.9320587905082052 2.4054594842846173 5.60458608564329 1.6667152366407012
6.842911305044058 0.9378474586382151 6.208668191721353 0.5631776834635938
3.8322767660213346 9.906359913376244 0.4223369198321212 5.16360945953373
6.512600420779223 8.390496704387594 4.171349643431918 1.2944012714187614
2.216133568218474 9.115405922840676 0.1803595976509058 7.178349487909197
4.244613937729647 4.698611032345474 5.954653724004666 0.697236575057552
3.6106456546486925 7.357462359431075 3.8516535508450245 2.3127943107538838
0.6941477492321626 0.1902058576560126 8.739980943638361 2.201461808628277
4.443251076385669 5.37555318463723 9.82304161653692 0.584511002091344
9.927893810527841 4.388740880982657 0.16436184109522944 3.318064271162279
8.731300204871525 2.12526585191378 3.7737164440154367 0.3078226164583633
9.14351403247414 3.6791832334429913 2.00733381201451 6.090253800326086
4.799812477303159 1.8647346543880956 3.7925505871517933 3.5856862622629118
4.715388516072507 7.568796239890809 2.605900755514367 2.1604157411051945
3.4752832285420228 4.865360788841583 6.630946871610579 1.3796687282923763
3.123532236221603 7.483524965898489 0.6344585950450172 4.575618652469855
2.112022803435573 6.651223788806522 3.9431644793118266 1.5158402268229607
3.4349172581650587 1.1749860112147834 5.868783496604018 3.169867873685403
2.0750870328454964 6.779719345138808 1.9722344258851914 7.129192407331241
9.53307496397362 3.7923379879310577 2.1348212479345547 3.6497322056674704
1.5702067316789656 7.859790077714666 8.46004402633059 0.6723382819263115
0.827554056438979 3.510479271216429 4.979731136590646 3.9121631343062413
4.998447073518403 8.976573901792657 9.21214810646189 0.3227095453703557
3.837670117334386 8.549305507843222 5.06936785977319 0.7554216530885132
#
2.4858509984416535 9.163970918979956 8.517529449092114 6.552735344833399
3.2370417038414256 9.543380781098591 9.793542058799309 4.243674843547324
2.889207905120963 5.371103394641798 9.526672309771337 6.00462785469243
7.158631859279385 8.942649731829913 3.684157621402796 5.905217795529221
7.207101971436549 1.8204273637315316 4.0047279309841635 7.252841108036889
4.252092597587521 0.7998047720989687 8.510123183103307 7.092965387632829
8.912766281669672 1.425734382978578 7.526290103717775 3.975145528401515
6.094372856347908 0.9812013224771245 7.576330035907759 0.2272765827545138
1.785934996287323 8.398593668325011 6.387190154366472 6.713304469283508
5.637485241677492 3.6882921256912615 5.258980483866525 5.885713699654609
8.585006968382515 5.384128941114556 7.325241020874875 0.598700573842204
5.166942239812794 3.3204630559707207 9.52118501031566 7.008660024464749
1.2857533285244722 3.4009284369067583 1.5102346289577504 9.51123982792749
9.58086215994108 7.497267817204648 0.5263179371543965 9.480001542654355
6.833714522254587 2.346790738589314 6.2997777994838025 3.1049633298197206
9.852600932005467 0.1633403699876128 3.857718189504863 8.444145685432979
6.5757606289875135 3.5261653425116473 0.32598687139711924 9.657453135426028
9.908095409269002 5.351542606717334 0.5853543225525302 6.804202782468452
9.121393149595566 7.642128479362496 0.789206493608468 5.017729253267806
8.442961452014968 7.636155255624595 7.4910316709757385 1.3544705331801596
7.975420805328856 0.43214128373240523 7.517932771255246 8.68106822735422
5.185805446988858 5.175593767018428 8.949067619931668 5.040841854012301
9.429568387307127 3.4444275287432657 4.934570685328117 3.721069832348979
8.589450792977459 3.600171974196604 2.9288803262354057 8.336713739248625
4.662081342333015 3.1543648097208616 4.392233844250961 8.583803764622147
6.697610417997374 7.731642169617499 6.300936571613638 3.1504823182477804
1.488590023838586 6.60481588424994 9.217704616549355 6.762251822699851
7.570709457695649 8.955946814666024 2.3917518030250795 3.5055024768122243
4.187219305228726 7.528409330681527 8.224654018384092 2.5583483722778846
3.2094807583511527 4.592580104722311 9.745561185547981 9.057988595079628
8.763468716902068 1.367661942219748 2.8242392055397474 7.097103614534042
9.103969625442748 4.429209547065946 3.020291827519026 2.634965341511407
4.117855216508698 6.048771283542451 0.570127031584299 8.394193115933843
5.580468218105488 3.6429688936781526 6.198736260912552 6.731483946596618
4.86977670421353 3.659668239417874 1.8205812171265903 9.333609863227142
0.4280369107094675 3.7026057076995738 9.881940147707226 6.990440402864581
8.225762151455452 0.36719066014447943 5.669693775828856 4.689026394798193
7.1280814851816 1.43116133231231 5.9776402491907685 7.546193713158415
3.1329733952840257 5.895149630924023 8.232727385797242 8.349207196431049
3.718199697921099 9.043890000296265 1.5385374623556936 5.492600392909394
9.487237462805872 3.9109581118824326 6.471961528719859 0.3184674610310383
8.970153747852928 6.641694384229298 4.075593936053475 5.827553391404812
9.88559686214095 6.113191060247643 2.552943823161289 0.7532429196413704
4.348397672711498 7.620697798852506 7.392757912269504 7.955607209355945
5.305939408870399 1.8900567813869693 9.789513050820565 0.899093912041069
9.19052139523917 3.7476698596956366 2.5039253298085935 3.6888323701542873
9.490350311584852 4.812590134647347 1.5625223231298198 5.0716684067905105
2.142671980055205 0.3985756624603116 9.84616184229873 2.531014697482114
2.68059262224254 9.841962640614241 7.684564183241354 1.5303933284199775
4.540097725971159 4.046996781136141 6.904273403704696 5.263585136857253
#
7.631259291475001 0.9896156812178933 1.0535207485089821 6.526048344344844
2.090309819798057 4.818737272398717 1.666525457151356 7.101229963649816
7.766429003797572 4.197975839708926 7.959249337601767 1.3685670903228608
9.80255752614526 2.257861922659879 0.8888525249294119 1.4989708833044788
2.1849929675308504 4.7033919251182565 0.22578562909639022 1.1866768846140885
0.10096201648725156 4.787438028477467 7.626002033351921 8.42006298333175
0.4911354572375153 0.2812169487195124 7.807089044446379 3.2141337061915856
2.048874438437371 7.34698557872255 2.3737960950759693 9.662848220116658
2.0913283704410603 5.995999336230103 8.442059982729159 1.7982471288061341
3.857933351911589 7.636603972219537 7.600239301135353 0.5122624301729397
1.460644376862478 8.094755408154978 8.215537789246426 2.069162511946438
8.582538214589594 1.577804363013199 3.8993681892867587 0.8781636498002712
1.0727163400553898 0.8998190723941235 5.581859255915475 9.105882815587307
1.2078028940497436 7.8299897098168705 3.8899376148916636 4.713516721842698
2.283816755524328 3.240518352154297 0.15234759596696712 2.783664128052458
2.4507491482423496 5.872349570603657 3.901693994750197 0.9409565548391443
1.1610188350339925 4.250085588381645 2.6270008657074064 9.229318167939624
6.325805185263931 0.982419400553316 1.4103060386516861 2.7891638492790896
2.134065354704872 3.568784650722235 8.800174948654643 1.0348298003396081
1.10604272295163 0.1737804109286003 9.443765982844347 0.20546788763149326
6.05362359976946 0.43323538151644936 4.919315747909554 2.950184295000551
9.72575918153761 6.140431171839691 0.32476428239018684 0.27555353625806767
6.314976178543869 0.17709012714379657 1.678115757770863 1.8919501022300564
1.0484166292237154 4.029424684396811 2.90053986794095 7.732057039249236
2.1796390574727296 6.2697895790962015 2.3961936130295953 2.2870547947327267
2.9907273395780303 1.4143707998479642 1.7946942303200935 3.768584055923527
1.4023557710117553 1.4327108105138664 4.057040528628751 3.4317293601300864
2.157355400758645 1.6603649848397737 3.020785678776629 4.9711894414436975
4.855321609905297 3.3971332412788486 7.412120159310782 2.4241315865828956
7.921896286325505 1.8964706241727036 0.12094125604977357 6.98780945610204
8.45160565846637 5.627706751664566 7.851229262398842 0.11661815474895221
0.8011035190781346 9.762200377092743 5.747203243197222 3.741457100233868
5.3704058185034445 1.690462350389096 4.686387885253967 3.2434799337744433
1.2828648161452412 7.615295220530894 2.1735928912701996 4.68456679692831
4.037333362500028 8.948695091274264 6.458451519349695 0.20026366809621976
3.6343058621008657 1.294556390271651 9.264019566428386 1.117955828264345
8.42557134148096 2.92215964104332 7.029202176090144 1.052419696469423
6.400893513707186 2.6160408184086066 8.836526017795904 0.9515947909098106
6.744513874918807 7.429217453505662 2.87905474508392 0.2924845091864654
9.274311813880761 2.3593444490827022 2.023393995518189 0.27896039768330727
6.775402349844901 0.5487863553219441 0.9829003736453359 9.362759712038738
3.270270607299234 3.114632762261813 8.50386772538858 0.3556248342631436
1.274080662504788 9.901794026268599 1.2756498256059476 6.133332748637379
5.096353660441552 1.976517117821266 4.580171656801871 2.6531978458872056
3.249618312436998 0.3762270455775374 6.80122114483994 6.728919568909081
3.1841223963848595 1.1118558098007583 5.258473012225813 2.8311756040391454
3.466220983051746 4.5373872697324 2.3751080244838043 2.5675535476574565
2.2462631925698977 1.4114285712040555 7.137261879254892 5.672659561811634
7.0039913056544005 2.4795572127982872 2.3118029962670525 1.385156772270602
0.171306431647694 7.976179789594882 9.826184916979678 1.815582727842401
#
8.569219718086352 8.685368213880661 1.884254726379703 5.420127231038671
2.647061327378512 2.730689831958313 7.894687370919783 6.975550200819399
4.286454055839323 3.3700003178836777 0.49009991165718514 8.203942860139986
1.8955595982599904 6.329517068127058 7.86110156916806 8.566099850511202
1.4447356103441522 6.736888652454803 7.170398397375923 9.475616413174574
3.1772900789108336 5.777849416371399 3.212617109148441 3.93334982117716
2.8218740763775707 6.816785158232503 5.1381806560531675 5.964090054043124
1.2646274135947753 0.7351134751655888 9.618521534993434 7.472150154999026
8.960913531508044 1.2804520167946931 5.399022192705661 3.832525090799323
9.28486244753815 7.117123171260376 2.561152875775274 0.19259383420985898
1.8955901352096323 9.71145648154464 1.9583387538344454 4.476618221315233
3.2605336077070173 3.0638609782359234 9.71949588904844 5.9587378335671355
7.571474358956673 6.762990960714638 1.3236306573668561 7.37625191419531
4.4054502074735815 4.342016925451349 3.390649406458402 1.5862549659414804
2.2911168383064484 5.07870620096305 5.277464968787381 0.6380476685678689
9.641272655057552 6.296976343227312 2.6222878097724838 2.9473636724747165
4.63104466362415 0.41636414787880227 7.611663939725064 3.0375756395951785
0.40025926305685555 5.562204395377124 9.776612166926874 4.287845324151648
2.1140641828449587 8.97684275971885 2.1827892245801137 6.407073159203183
5.393122559143957 5.70623506702395 2.109799064407078 7.613338502324964
6.8005460357644 5.435313093821824 4.903848734510562 0.7621849904330871
1.4552010733879168 9.090091324048139 4.957302775119269 0.440588260858922
6.094247050477249 4.458432794736799 0.2213094811586913 9.453138855589353
0.502145618049461 7.75696381025644 3.5109634966964283 9.875810173159888
4.022067144297079 1.0303827763722238 7.836767769345727 9.484032569833573
1.4650051445502328 8.791945835422247 3.0540314250402223 6.74016229044417
8.245662112044092 3.87605752018887 6.9834137350398615 6.732828116366367
3.5869555302981646 8.937596412954758 0.3020684160413376 4.5285561604608215
2.4082705732337826 1.3114462116177763 2.884665264174031 9.861168637036153
6.504260203115237 0.7344282562575364 5.991980786142401 8.927216791286416
8.523399174975557 6.062933570731649 1.8930792110141081 3.7923159426875213
3.3509033306271077 1.2469968430225258 6.874336163519029 6.750977181201097
6.834822696816367 2.941391172514155 7.15438627130454 6.461016399532328
9.986660150912744 0.11089744401650847 7.006968409301939 0.8641930921501926
2.421674067473894 9.489697300768388 1.0884017936043442 5.604572105676534
1.4434361856881144 7.536520007202988 9.875307090283677 0.9545130519206895
2.6295049647287243 2.2653594283888485 9.480212482258262 8.653507397115115
4.499910268129294 4.085299990706914 4.354729763233273 3.9929775879818425
1.6913627593641545 8.597378469083313 2.4853621006792785 9.028036220110495
5.180282405840765 4.291220371644297 8.949696377292206 2.6105204626127425
6.862645564417505 5.5370667463138386 2.408376030358107 7.469183073593113
9.685188847788421 1.3352789270191634 3.0882765141870534 2.6387023837046466
8.49892045141871 4.207229388308997 2.3904804305034872 6.7702651096787925
5.238267276456642 4.7287517876547644 9.425601001823228 0.10280485501345282
1.6902353309421412 4.383079003666778 7.8136362535794355 9.406057026739246
6.581038452529125 2.935016588886505 7.6029923081055735 1.2837441064961586
4.754543692247137 5.4934096566502495 7.309423671583511 0.4629427301960396
8.571222101110319 2.669610942299387 6.212250209567661 3.436871277188619
1.376710945350749 8.48837265755012 5.663841254639868 1.120727003428788
4.374183759424878 2.997266280592248 5.279821873626164 7.168668876103746
#
7.500938838918446 7.837640808473258 5.570359321432272 4.5719171606520925
3.39272230014734 2.520656434160344 9.051307152910463 3.782677909273812
4.140639190070946 4.793937650402993 6.646008235471325 9.05278018270684
7.062663400548665 4.568805669531879 4.972326643164811 6.987395130455819
6.5149193342227765 2.735120524835102 0.5560387909659266 7.0467364566160215
4.165536266149845 5.0439751437385505 2.2444633473396447 6.299790112918659
2.7363905765783016 9.176050414709852 2.5979014577222754 5.469178036209004
9.131518352004122 6.128437637346433 8.105018646888206 4.013843337228485
7.9557413386660025 1.3482846318507296 8.127343634976388 9.341318693498923
8.643011309530822 2.242275022690248 1.1062080784133186 5.648323669028078
6.9360954407570174 4.694416219425484 6.874733814626172 6.500243561586887
0.21836469393883906 5.292239004569649 4.262042041963907 6.265564584200169
2.994602593277721 5.244481861496922 8.589571212008495 4.611926509337948
6.608297423822409 1.6244375328939493 9.140488903664632 3.1885045869598407
2.9152878292988254 9.551220144843967 6.994165228433945 3.828694084328295
6.231732200268128 7.933633068875324 8.865853782141548 3.216155958517025
3.2002541416441677 2.5509490697646857 7.7335631760963155 7.655702088937559
8.899799245910206 9.91862744138777 3.5344192001699515 2.671957409992338
1.6444947214318657 8.824664784729169 2.9356958907995594 9.654374873522755
4.968496095393434 6.028481084801834 6.493446785268245 5.628622931609541
6.284721518199593 3.5198320303274855 9.96967717204701 1.7964833825469206
0.11531809621148614 1.842891828783995 5.991802075375291 9.597250318305392
9.57500044401386 5.172519412129772 3.4921420127484346 0.4696110683073309
3.229421206675335 7.965601235189382 3.1843007314331597 7.617269175701605
3.100543221610259 1.6903722562455505 8.632535764314824 5.66892694526327
9.61333495349701 4.875422469416033 6.876993297652107 0.3803167609568483
2.813442840255667 6.466222926395997 0.16267290667460088 8.11542590117674
0.9834348348047195 5.421304127567286 7.2787261240484025 5.234515749496528
4.2836669483533285 8.798089220595568 0.9117199103724483 4.692575916424993
9.64664479785055 0.523303990013269 1.0731597297413176 5.428795285261887
5.059522040027548 5.088910361947238 5.580505760021159 5.100025014078716
2.9115719933206146 7.494322518269607 6.34160033948524 6.238240959306303
1.8376802677492794 3.1936573122729675 9.353313604091134 3.5214808365962185
9.622750745777216 1.8527061065898054 2.3140721488660367 7.321266203995624
5.0730172280974255 7.0772835598856405 8.857081049891907 4.401088344899725
1.7682903535473833 9.01869695921631 2.422623815474245 9.779916291155367
7.002548012964555 8.061312047627595 9.475794925709673 2.4809713561625615
6.114464687082093 5.361355393173023 2.0919942571180856 7.67277665329696
4.1575587554386715 3.161517783606312 5.125196632271446 9.717760674368535
3.8731809478307095 2.3980073275854825 8.191262608473483 7.037824482514482
3.600971992488711 8.021364492008315 3.48019711424834 5.845282776024026
4.9187022613288605 0.45058604849050354 9.899008571484362 1.8534635948956621
0.15308399100393988 9.616943799510352 3.3201989878830958 6.908964744014424
1.936486318587904 6.83894370058294 9.851803267142223 0.33861306796050883
8.199457307706925 7.364842394253901 1.3630375121284826 3.070102370698028
1.5908255184164326 9.535950925500586 8.322833464754009 3.423152093862451
3.78271821721753 9.94792155930724 8.234652831751074 3.6293381702339595
5.214474829813576 3.8788639299405885 3.860069804315006 8.846528807328205
6.598921941790945 9.422582057391429 8.263061055427665 2.5327654019190846
1.332145420620717 2.9426075656182613 9.758664024064473 2.083119693545885
#
7.452798418864328 5.384655703495874 3.227264117397662 0.5752768387378371
0.10971587751054024 3.368986593959617 3.712184810885737 9.754890424200541
4.311945876353873 8.944519066599785 0.42102309108502745 4.168306424798981
2.291258853101464 0.44147989922004705 0.6098720102244686 9.915741455314155
0.1429149977613502 1.3971571757335113 8.323582807107266 0.8504806809826935
4.488375640739308 7.344893864517774 1.8673913229064527 7.9014452292238
4.277936503507182 6.568041087272121 5.306313507248721 2.1357843351051637
5.237055984369259 2.9791453831431327 5.053992217500692 2.3039560559098504
9.551117469882854 6.179230037501368 1.9328504369554222 1.4253700947797316
6.196607797720145 6.40495938592473 1.9336059613813656 8.346496546570327
3.5189693177046646 8.621982182532545 9.89729182695674 0.8217267821709919
7.183238440177692 1.1110640227471156 9.304632849678079 2.9891368388755097
7.699449171323667 2.9673730225575556 7.296550335024146 0.8087438786306285
0.15279655458936325 5.239333866091756 4.362026086522272 9.451992991590405
7.5704635024816875 3.6905883761450156 6.225271233584563 0.6802904512105252
0.650401072530169 0.4890085706810945 3.8273435987945046 4.102106662944915
8.904653913261056 0.34285841390789873 3.860686946662768 0.3950367900414937
1.816177578309126 8.344618680908955 7.177008630458035 1.2744571650224867
6.361173500775167 2.142486852103026 2.438929352580786 8.603694198549189
8.903006107372466 5.489395202589081 0.3423406318976401 6.951374341198563
4.9012897528827395 2.7817602294571135 8.009776998907276 0.5318826692602316
4.029939518282175 9.289072284600483 1.7553164511232904 6.395327444687795
9.117004839183531 5.406519908191757 2.8971299016492273 3.1920901291868855
6.652171231783501 3.1833144511173743 0.32713216144524715 8.46693519105132
2.6848787210031593 6.882438472805647 6.05032496610664 2.808790975776219
4.503885244055159 5.579066222214388 3.491699088677228 7.991751547865977
0.5410456949824107 8.60509134928116 3.393913121322149 6.771807151874948
3.8093891908785764 0.1638740428290033 8.730400780141448 7.746026096329099
6.274787542835061 0.8425095183058895 6.124232850590309 3.973122713650372
4.5018621550062345 9.958533734783654 0.8299161683255605 0.8632593456220947
4.1484122751742625 5.7615942117552255 2.4310748886272946 7.597633001987736
0.6373002001986139 8.862253365598677 5.5911419031306036 0.9770637916929701
2.827856266656391 0.3948243959678388 9.084986688437635 9.11952546522243
3.6156682222070327 4.216635128382276 3.9491357368647897 2.781123197062668
4.546109328348215 2.959948184995434 3.8598923036851667 2.923757068341075
6.021332130877146 9.87966921793522 1.6877887007635524 0.8954984328582638
8.705610262988046 0.16185292227003956 3.7480646387436574 9.587091386489824
0.6404669796094451 9.536869583345688 2.1483734138771826 4.128421065625367
7.273384416784017 2.470505978404662 2.534103087658086 6.346546285761647
9.491324536628397 9.231359906932656 0.8603298522323204 3.977196452912687
2.074107169714781 8.447196976257768 4.120586323451853 2.6445771529792284
1.966247535663714 7.956825437258656 2.12315557996583 9.556876704470923
6.016748886943503 4.508512126691293 9.060703354797024 0.2820626041693757
2.922585307404535 8.00402144544153 2.9387875702438846 3.4589434295680705
3.2122169801411724 9.376213886827745 1.0361209753169955 9.314409544077797
9.034017131101344 0.9426847161475296 2.3286522077113974 6.125757367693763
8.551922103530243 4.0713107692825865 1.3117411716286416 7.473350332263706
4.912729254263157 6.210267011253225 7.563312331124514 1.7614910509231243
2.1237487984760075 7.414014395248149 3.3711203010801967 6.6260110904872445
7.360956002681273 0.4136597123610919 5.8017056015207675 5.892784633148178
#
8.761162640133678 0.837041039366051 6.091911017625106 1.0961239860966154
5.92245168771419 8.295547752884577 6.402990759968057 9.726114069851143
5.766098826731578 7.028137294477349 7.2851530132664255 6.743791144060388
3.7992330250910555 8.75053092958418 2.347017151815122 8.586864340081082
8.899099735857243 8.627331966598828 2.544036754149486 2.719712736706648
6.166792278903721 2.460030066689949 9.384044841847858 0.18609378816003286
4.465987688632679 9.949473702115815 2.9966363591949072 0.8069524306005214
7.417198994794674 1.2722886497439552 8.005003535224825 1.7793258880566163
2.595178109487793 4.794040611187006 8.189379111640012 6.297111037268096
8.74578690335522 1.8198968856525362 4.501756937604341 4.2253789441137055
7.379244931724212 9.462124422172113 7.178847974568803 5.316994298660894
3.326466632256393 8.704627207399957 9.98682171922103 2.672678340627504
3.176799413195531 9.313383910097969 2.0848586538887717 5.605667441258129
6.232772120782819 3.3355511834578473 2.7940164812943 5.9730420825358115
4.033674467514193 1.3105725777942152 6.838750359832484 9.51758078587418
9.61227833078296 0.4005388485618253 3.5225608852628056 9.892042627195373
5.64753701756651 9.64446167794393 0.45899513333779574 8.994568924220411
3.800035253900577 7.990582767324658 8.084485300452096 1.4225725893333019
8.057378363890429 2.662721068391744 4.738982954292787 8.072100262349029
4.106111615699742 8.30241812168444 4.217137881640144 7.198152748157305
6.621925180701521 3.7912484126028714 1.7797534721972772 5.857430286078581
8.823315214289659 4.446657080342215 0.8432940468409313 6.647257327636996
8.073341471334766 4.02339720271374 3.0692571370674426 0.2771834805205424
1.9978085172939597 3.5995691967545005 7.479521297041681 8.913283114010301
4.7918447283659695 4.122632490394784 6.530155845284498 7.725189646234547
0.43054306120158703 6.541066581218286 8.487819843794643 7.4634763382173785
2.5970090978888347 8.484689903267354 9.983975607746741 2.680020589202181
8.035381843937882 6.924507163948032 7.109790749000337 4.269704154021969
0.10902649342525361 5.376557568606585 6.780439194718012 8.426176414726344
3.763732682451078 3.995474393909209 7.392276466647694 8.256281057374151
1.7229038693879035 8.74056665929746 8.151570440223807 1.0789735196225743
5.854367666063916 4.946167124224865 6.681224020670919 6.842863498859309
3.976659329451308 1.8744323902121818 7.161406344457392 8.440028895249132
8.431005378761563 1.7636592204481496 5.506361612946811 9.152381109330427
0.3959788784491778 9.072603616519507 3.611777402684506 7.955666798820176
4.815568731950029 4.630133780622886 7.231065204176368 7.459446959129872
5.785072253210254 9.462888173226474 5.443553801321786 3.847380964131416
8.377273843304085 7.570146305910345 0.7043169706720658 7.039058336170637
6.068718863608948 0.2005850874703805 7.190809738924916 6.355619662209791
3.9117168518159806 3.334666676839037 9.5811655770827 1.1684829778546657
6.326663751149704 2.848068417305608 2.9510145413691675 9.793530185623917
3.193812327399806 0.9177622317959928 1.42063506044695 9.858708815208802
4.608804896860105 9.3834155497219 1.9485219796883224 7.450132087687992
6.671498147426522 6.788525235149666 4.8197080145519475 5.621152678171907
7.6299458960723 6.457807968349151 1.1236368972048245 8.9532368747525
4.60701664128737 9.059158399051325 2.061050240348803 5.966756106311632
9.371950995042443 7.308962330375556 0.5658838984593473 7.337226340264833
8.127902660769854 4.5001911882427965 0.7277960701328219 3.851302463515033
6.840490166118949 1.0908169556038487 9.604138362024479 0.9445209876621421
7.046122018060675 6.551392938406531 8.174334212561217 3.882882897237521
#
8.464252093134972 5.110259617506586 0.8580621149176872 0.8949619548034295
1.8336089211012254 7.564651770986303 2.5366553754980337 8.023276580351702
8.78857392737143 3.8948891900351477 4.1483939156631 1.454478218058235
3.0064130051891347 0.10184864603258781 8.778128469625518 7.011542831911133
0.4265898907968282 9.741901873352916 0.9184991592933649 6.352800129960012
6.053745724517793 5.856471788209507 3.9821261303341307 7.887232418227296
8.301942168933326 5.982756315412176 5.547220480301702 0.4995915530364936
0.9746629508036797 0.7337217988641278 5.618055349115295 1.8209759685143303
3.2827911369811718 0.21004403670319416 6.2789222637957245 2.8785221164181176
5.345932871335171 8.766476364414318 0.31011049045717964 5.991138235559021
0.16169406466923952 5.2788100536514095 3.722880008693989 9.980561757490635
1.0413344725713438 3.0723108135914217 5.483239775973661 7.359916849739364
4.027910579083932 2.27570083276967 4.431054155850097 1.5669940776929705
6.269475953006063 3.356460702793314 1.2177903966670365 3.9531140158891476
8.234132631771297 5.075195542030315 9.09948861390573 0.16415589186692436
8.450193024892405 1.6710626052275908 0.8141699336152914 7.4124140198254995
3.91002291318961 6.63568363471089 3.487930202586094 9.38687444243973
4.183399162332853 1.3705101881456812 4.992370139863894 4.211989584276916
1.836995332359102 0.666137709123114 5.483036945441979 3.346954378415121
5.142350132156245 9.129692759662795 8.302792160132153 0.6299774129362721
2.2207584570093912 9.316894184091803 3.8352948552894626 3.4113439270438026
4.61487150170488 7.1769774826771995 1.1074985157832264 8.372343956125516
3.593434206476303 2.6341843788475225 4.230701754796482 2.4628150558594646
4.434826676963089 1.521815421355845 4.603185106965989 7.134587893095936
3.585064318551464 6.757458035626323 2.9655504497968472 8.142445348271274
8.249150995421026 0.2509631435389075 3.1926845463092164 1.9898151180566783
1.6635653853215193 1.5571492145320276 4.993889048845481 4.892310861647667
7.695798597472207 0.7697311275451746 4.627866278420637 1.7356834237663263
4.182381916333078 8.30538242553719 0.622389428124853 3.640298577116406
6.318630698595343 1.064256351071935 4.545641966419211 5.17940759415026
9.921701026398619 2.717148520370747 1.3056416648802438 6.301864101493699
0.28258350487625705 6.928915631789462 6.814461418070007 3.3624013173655607
4.800414881331477 6.493907077690565 3.66994218498467 7.655418241444374
1.9363211336979456 9.304396008526533 4.898878426442127 6.781064517593725
2.914217851279354 8.416654372393772 1.9225210532714891 3.621766007102971
0.9110016512593715 0.6033890766681607 4.1483062141338145 8.812362095891118
0.42695335379730714 5.08467097679029 9.865498794013519 3.2200557883759156
8.529431036203036 0.6807047491964662 5.611316728536346 0.8369480155377991
2.392229274786596 8.380176759774372 0.29086268552133365 6.345434250285717
0.17485689602905286 7.8923432843159755 9.475928955903726 4.94304127972411
5.699160102044502 3.4522687065420365 4.403000928823138 2.4250973614107574
8.989585343827397 2.8663679632862022 6.200842858653246 0.6494872460140577
0.6521463048416525 7.9401390227000554 6.220001002789941 8.746802215440386
8.8157359632118 2.0122752358350606 9.046247038826404 0.21444233247648015
3.96148566946189 9.389870071560114 4.962267982170979 0.4913969828843596
6.118951447347401 0.30405280374783317 5.9870994565862 5.217569893032212
8.277832910657821 3.988601408907818 9.27074328503123 0.9399854093068241
1.3535028451828985 0.6640500056590062 5.958347005329175 1.638086304671151
6.117419210720672 6.222802334575169 9.074097758024955 0.12743251996054994
8.421188277302122 2.898747352685022 2.1556473300339762 6.481084546151358
#
6.072711588214783 9.64115474850199 0.14171849931397418 8.1362140379814
2.352918901388281 4.544524945177725 0.5304442055943523 1.9698172930907027
2.5618637864738383 0.7826928456157187 5.4913141368518845 6.490707292650059
1.934511943902939 8.56664751253944 5.399765493592659 1.2237548497910038
0.9528515518882426 0.1509326850299093 1.420491950765832 7.997359441534467
0.2792062307310301 6.138369651136075 8.254817521969047 5.522445173997536
0.3169563476384978 3.6312270400769138 8.676310956460963 0.476170475624075
8.667785949683232 6.569303301935853 5.17963824631405 1.3505963513163373
6.086957204303927 7.790064024259351 1.5477376681048738 0.3602032169024927
2.3249207805550935 5.9186201626129025 2.5351899937692073 1.4459487233999995
3.0507706075908545 4.09015702762179 3.4743287483286878 3.0979410668946663
6.723492990684112 1.495998428889084 4.484070122156774 2.0245416320801106
0.16330697941903605 4.123392373619925 4.674042956862609 6.358246994695683
8.892714784234464 9.374774519592705 0.4447223779034619 9.82139018715159
8.269462826805995 2.6080503142806815 1.64981801616955 7.328267751675627
3.897702487196704 2.521157179742855 5.451748809428361 0.3469319457181097
0.4003433871898663 9.934196924600796 1.927089941519566 8.1061638447354
3.0829988174217284 3.8711582944312033 0.5512704190801054 9.788059108922738
1.3921306043495725 5.81258012553737 0.5136272575621552 3.6972924098482567
5.881755875407661 1.0640087823416122 0.7331724795240842 9.95014273975979
8.953623415646987 3.167109131817033 0.8488612568468925 8.256000132650602
8.204220820603478 3.492357082954225 2.055937961280797 6.029547052080638
0.7763067668365089 3.5171776668325014 6.778151813994197 8.450606857263624
1.9376210262737281 3.5526480142033305 5.460757769693331 6.26997470013331
1.5974737060134 7.068299390147044 1.4669658112612005 2.232355760289904
2.1516609488524634 0.8867696066938269 4.201827499189374 7.202560695063453
8.637161609690441 5.730266083586091 0.4684153789231589 1.4461093305135395
7.075752180727607 2.9594730390025004 1.5772077445935473 6.896429001178227
7.380415012298714 1.9769821355414998 2.9086017378975173 5.845960814784272
6.652979345317692 2.855472617993474 3.494657745222714 1.9787996165055777
6.190515510304951 4.34575163035089 3.029524386576266 7.975470354111277
9.36871427200239 3.7427888021321936 2.6823185707284876 1.4247217608556895
0.641038689946531 6.326082935970296 6.211893779193492 3.969807723541699
0.48417434427751527 7.6714229038500745 4.147102189785126 7.662251077548659
3.267424221527163 3.9959069960857523 4.919613301071713 1.6960877161347505
6.424598401732417 1.622192751307085 6.487718050749441 1.8033238459735461
9.998585087910431 0.5920310163735483 8.463722154431446 2.056970989775604
2.665528222666012 0.8035771157251617 9.452649987792281 6.004536898470143
7.56786087984635 0.5560318159652011 4.740783940509609 7.088982761334391
1.702292850579203 1.7492107138967161 9.604184162838894 6.6087439460351
1.078640109516829 2.619463358602827 7.395306977686777 4.695254936754996
1.5323275519028132 1.6598615469899634 6.762134061360763 7.046757314772521
6.660701662281226 1.0775047011038992 9.69968793807777 2.7633371388337893
4.7222904659976 1.5838557132132944 8.243374855791538 2.393402863606671
7.864517708312375 3.524282329733083 0.7301277257455805 2.3988177599731872
6.189494926631333 9.498933126043745 6.503547538293886 0.2853828451212914
4.995573721277894 6.880755536055834 4.126118752960143 1.1889347771738965
1.9537165273455237 2.8337035485272533 6.27776212478703 3.8122680613450397
4.283637278092475 6.570335834850635 7.3842962544491275 0.24470489444087828
1.3648414856555964 7.692194776409817 2.3689900867685183 7.795661164993807
#
7.551954616583408 6.073586964636013 8.603347864177392 0.5258873633984207
2.164854363262386 9.817256987506351 1.8001221408485715 2.8669308361636774
6.773350731521694 6.740906799163415 7.173020714130956 9.149829695094336
2.174934541649402 7.639848767451442 2.575225110311346 7.269969831225455
5.991113251410684 8.85889016362114 5.087306646545722 2.2058079002322177
2.317560956177199 9.769475079262506 6.919530436389504 0.2116109547115883
7.502774511126981 5.903473416076385 3.5640926235155415 1.8666672205591262
9.303442436492407 5.0766386434032205 7.203966113914262 7.484283401568952
9.465354774127565 0.9315395316764565 5.187679228148814 7.5241475983229815
5.9994564748251475 8.358383305465892 7.391195431431102 3.1591510224875874
8.496395111607015 0.9420004261638963 7.251822103304281 7.019858318979353
5.762801470051706 7.358037495032892 1.0986132776477868 5.074474016699119
9.728698729439337 0.2965521954574042 2.651137420069691 2.5322398612001535
6.792929376462225 5.233879756667623 5.523488300799738 6.52889114580557
6.527057347581037 6.936128374930966 7.791784380758596 8.803220389330113
9.975980514317282 8.748577712708753 4.150813519442643 1.612138889371915
1.7549289813043845 8.83055133497821 4.495373645598389 3.433481177893346
1.296917455677622 8.743255927761378 8.874917772534516 5.4032635855379665
2.2853988959070755 5.545510519457867 1.838234402283149 9.50325446630671
0.6898753031249791 5.216114296127603 9.69519251092458 8.512281348826896
8.371681533898618 5.1237829798771495 6.82430302884297 7.335439730478786
1.6074587630008947 5.676129954291072 4.026683728088784 9.757900268400064
8.443672747652435 5.169529617023545 5.260096405611861 5.6453669371771085
8.707138272201908 8.623110966308301 6.361875242090755 1.3351546747342575
7.619437375191934 5.066940559520605 7.472586415247663 4.322070168278196
2.7314192542995834 8.50768308766598 1.0448531875607676 6.1871848068519455
8.115124634621926 8.540872240995725 1.8861115379575897 3.406034162793316
4.124423645686922 9.547139218518776 3.1173765767988226 4.1504285805394
4.3157573638869815 0.8420163931306481 8.782668701823026 7.928230354557334
9.267836134233008 4.19225032300275 7.551394348382344 1.6105276872544843
8.296052942552151 0.7004702047562388 1.8007367476706242 7.918029883915565
9.176337125042068 2.6042056505461697 7.8923918857337885 3.044086088215486
6.051787441200993 2.9560605095247876 9.354908184685025 4.974556398304308
9.863192791005876 2.339723855021811 2.2849937258136905 6.6169376471934225
8.910010098377246 7.17973696906812 7.92204620043562 0.4235540136633329
1.7491581662788884 8.04270283789204 7.7194686496792055 9.492013881528287
9.511609062706494 5.112019286179454 1.8625151358573961 3.2423968862724477
6.931699369331286 5.294410444922841 8.55041139121177 3.7582377464529677
1.742027989074594 9.215453539943661 5.713673513444064 0.6881224181358983
5.104052823445306 7.865134876015395 3.5700823950162346 5.059415319750415
4.3821068323990575 8.71913353776772 6.859949039740011 0.19045853892817544
8.08769394830747 1.9483067181655915 1.4118028286289892 9.274323887593187
5.746885166106951 1.7652554191684477 9.29577166907158 5.621778604963743
4.154437624710714 6.755389332469877 8.782956175117976 6.108997558885951
8.79676124361501 8.646356993330725 1.8813251776693676 2.5133038498608635
9.707664715791509 8.424300849478296 0.18405919704447893 9.061888102235248
8.757559185570003 2.078114314546835 4.893266515117899 7.824271082825556
7.604183643300594 5.640370881997601 4.894553720845038 8.459999230506364
2.6432842446242653 7.080078861729726 9.581984826184806 0.5577781247226001
7.3497511964756415 5.281901030063606 6.718331937321539 6.477646428609185
#
4.3389571867159 7.023523691080865 9.657441098593978 2.473728684597585
9.587526494226774 2.1001304871286566 3.6692605250327057 8.55169556352815
9.264372306460135 4.192795896679813 6.456327504852397 2.3486146528736254
6.2406222443773 2.747192003693709 5.65023676466668 8.605119523581845
6.881065365772477 6.145937672140062 3.4962700744965742 6.321358663791641
6.950891819130836 9.5832657553333 0.9310744332804051 6.68283346636054
9.039601741728745 2.7901341119874576 3.667244664537079 7.330885758036954
0.5669427409109051 8.255579802418495 5.333082933068062 5.1270532018218775
0.6060716259889469 4.920293188460705 7.127598711866327 9.29142050641622
8.859022985982946 5.599424785643216 9.97268593288555 7.505945059251028
8.932553828573448 2.4497362449066094 3.4275853960256986 9.069981274409216
4.7252715181501745 8.764172608804463 4.496888020599002 2.5296820297789946
8.90908182858468 1.880620833982392 4.2575137013819795 4.81683922164767
5.988984626866641 8.873150282917347 8.396413277566063 1.7079848291953055
0.44615650121033035 9.960653540308275 7.707968171210487 0.3968719343996767
3.5695652100070294 9.049291338515303 3.7670968018279165 0.5754554365588014
1.540710486259942 9.335221975828805 6.77726472574921 2.8642005475038195
8.260462000968507 8.812448596503224 8.118142209869843 1.7712672820131448
0.5486109084679303 8.62458175562196 9.897335403423602 1.3191559293235544
5.6745404793239524 1.3766756738830996 9.479412632232862 9.231789441123091
8.283766190645697 8.676411900349523 0.10165568100094191 1.3200017276848666
7.480837712024999 9.803301744431561 2.437731385833521 3.9497868160716694
3.8935487935886597 6.564292305594844 9.658406470042749 1.6575985488033846
4.348484703478982 8.599473410320812 8.851057452173219 3.4217783275925964
5.854227509117738 6.152686785185404 3.8042306038910123 1.7885814443320456
2.0099494050163655 5.869309814115826 8.64870116061035 6.675103127915669
1.5132955202048861 2.655040022871699 3.441432409033047 8.962667686565004
4.3403083430114915 9.506050367456872 1.0496681070885776 9.898721923387779
6.842866435459086 2.1209327491165446 3.8694195599806074 8.63289270409916
3.009782603606531 9.639365603190234 2.9310654123269635 2.7760951481587473
9.90440587821752 8.389027115991112 0.10439896077252886 9.995976317777759
3.224132210685436 9.230911026681055 5.0188946431197445 0.9724706246337078
8.770114862248327 4.540390417839026 3.1118982461890896 8.363165442951296
1.5074469037254912 2.8690438349542773 3.430366351404312 9.652542451397178
5.600245300203153 7.207582737076464 9.069339989246647 5.5925293520191985
3.144161388649177 7.479229013162952 3.7707641700796697 8.79645183802267
9.73281711008931 1.1541031218143414 6.456008904521822 5.910975478836562
9.042038660843865 8.54410830249407 1.9488939528350935 1.2095033213169084
8.939936126929227 4.322952533530293 0.7138608415759773 9.619114693573003
9.806981066534524 4.721917130582015 4.108786475462557 2.5088258878697696
0.2002571356599816 4.739977534997737 7.591590546872837 7.544626564647682
8.475045733881426 6.827853253501899 0.6946357411203516 1.339370223644508
7.9599318919028 8.800695173989677 0.32229979519553 7.740921850267547
0.8606131557399896 8.276411361253452 8.568268428025364 4.799686235783083
2.9309511592334485 1.2428640190960984 1.741021864812593 9.430128351245106
0.8340753271440215 1.6757539824176932 9.168453647759383 9.484458794010443
3.8856667915209346 6.435479578046473 7.016221015147451 5.625079723441759
7.456297990634641 3.4862022510348356 6.0092638536960035 8.097470875514547
2.9533636229586233 9.966370463887316 0.8539413255182886 3.3210795920973357
4.048279736400181 4.556114563510314 1.6058599596041856 8.108515254398462
#
2.9274635620595566 7.25143454819951 0.8099058432178348 3.7141633714931466
5.503040420020241 2.6088758468765008 2.5889396282702073 7.5317003162767975
2.4312067106089565 4.520911884673618 1.5257606578701544 0.43752562240406956
3.1772532769076647 1.451922394312434 7.563188883292765 3.0713593368235412
0.1079154491093739 3.427885327971979 2.2137925472957525 7.327737126075135
2.3962197566046886 8.832390450891664 3.208687258665144 6.316324889209662
5.492702821233007 3.6275421651726454 4.4204053512472665 1.366046240696694
0.7052173911722415 4.787565565420679 9.640036756845666 6.171811916777354
0.5524423367582356 5.8584671040318135 8.248611702932653 3.3073362290759887
5.794089387088103 5.449240206391374 0.8659817073065739 1.9952575917228255
7.57720838580914 3.51351509072434 8.725239551597099 2.619189468810611
2.0288789922555157 4.33457152477572 8.250308801746067 2.1283350043646836
5.748432675818548 2.2973195939667796 1.093079195437738 8.950399840460252
5.347613205713595 1.3635927669037113 1.9165178734498367 9.274372018786234
3.2825971923145922 1.6043405089421054 6.957986591176127 7.920029941170949
8.487235024789635 7.507018531685932 0.6363315948020505 0.5280015147007067
1.6624060784262613 7.056244276954384 7.300628587522224 0.7711554521976858
0.18660161477434478 1.78104106286332 7.143596113448403 7.275155091943488
1.0665977292732793 2.107113675297497 4.253322263016208 7.882254014916777
0.7893194720240579 7.330097098900028 4.890110995746244 3.227363837318812
1.8691750444982138 7.547905746218261 7.081014604408065 2.7772577166620773
1.8180691104540756 2.4630914281618526 0.9018294261889128 7.660343894295009
6.357530865424203 1.951059586834409 4.029737890972695 8.856358572586057
3.947535647265039 9.200421984645171 1.0601204960397719 1.7704334997386746
7.702944985905882 0.907931143454725 9.233426104528696 0.8783618057445528
0.8398868004767888 5.724584611266522 9.27300632470823 0.10443047274705641
6.492711346815971 5.409692035256813 0.14344153194535547 7.220796145259122
0.9422467294363877 7.236815184095599 7.558510347387872 6.461667375013155
6.897898732486158 9.99044948717124 6.5676557841751855 0.39351678386878053
1.1714167401477265 8.23380279445178 4.62949167026195 0.848070444818136
8.768426972003287 2.646206299703616 3.8858613769840122 6.588472157516161
4.73540880349125 6.725001974235056 1.006844483911256 1.1559146396829543
8.113486034996688 9.399148625053733 0.4862238535043364 5.905707873463562
4.593550139233365 1.4076173349184953 9.314625826725882 8.71365839500531
8.78590843983365 7.751233819499899 1.3741122274250048 0.19096511852484266
4.82455390898384 1.853763134987969 6.6749504777428115 8.148334049107119
9.593975926573382 1.0907550588112214 0.9136279188244663 5.225739741808674
1.2791532098849192 2.086388818299488 2.9551213623269277 9.684302169837594
7.653447988141199 4.036491229125878 3.9884873632664064 0.6804856774700996
4.794015758425001 0.6043653808427889 4.4918686915985 8.785579757330842
7.134452000442998 1.811532804081573 3.515995666982139 8.422261837327914
6.726806961972454 6.512670841548283 0.1024224908213176 9.38550314023986
9.031526221423766 3.3318807495250087 5.356332827919706 4.94684605733418
3.1482705077152398 4.060884023716413 4.706852947677684 5.204775155464834
0.24883192814859356 9.681254447188987 4.981063774328461 7.2314485710536704
1.4315592162268138 9.173413089947639 0.9448645836661713 3.0969761518405226
7.734931382649795 3.8883400608176224 3.3491902741368835 4.674592363793541
5.353747446859196 4.007681587933954 7.707084360708735 2.0067333511208956
4.960066823151443 2.9222872356121163 5.881894713880469 5.117937947709099
6.065746144115866 2.146491369208435 4.4882024689433635 5.226075828046556
#
1.083474647098564 9.971791452430605 1.5205722185248907 7.615334525789445
3.2787110727347226 8.667048969170324 1.3462693383908522 0.9876947323646617
8.664024808470632 6.131874141372245 5.378265694651814 1.7155342117803012
4.518599026526464 7.159373187066375 3.188365179146259 3.577646018035627
5.917504835563596 5.3238507382045155 3.3265334341387574 2.6165243431614997
4.466713369921016 3.7280784748909244 6.454691512208592 8.185379478879128
0.9154702571605959 0.5175608490983858 8.497842288261243 7.991497656456543
5.733174389201024 8.928814006522021 1.1502620723564783 2.493107182053641
9.416432079851262 7.347536910347998 4.674016483669173 0.9244883291829575
6.8362908952837556 1.4696168255572242 4.428777998285083 7.959200526426826
1.025768898677958 1.3184426467559396 9.769382341257153 2.712806287375932
9.39293327935574 6.561462705002972 6.260158158794548 1.4579498875206216
1.4931535644324385 5.231889262954213 6.009820433859671 3.7629281417031137
2.063914768959841 5.6343708992433665 0.24114358031450323 7.3343712668596694
9.652792723919916 5.846678562182159 1.3457880218503497 0.9317140357759115
3.3459612867552693 1.4463893055674593 8.780935762201189 7.91788573005886
7.063431261459699 1.6118733575944488 0.6524677495710707 5.119781775090327
6.524810622859469 0.6061936193509476 6.945845650438184 1.7121793009718362
5.34519117474444 5.40279961890839 6.765717681198315 2.344414895678501
1.9557657346142836 7.036165962877257 6.2559182895826915 1.4902924288158048
0.5273232316079834 9.0515741414627 0.1711874486462177 9.197090575855015
2.342640145237706 5.159006832658547 2.851154214330286 6.585518085662163
0.3610287979038027 6.6996775191625755 4.242146691422012 4.912828231966781
2.049839994288012 5.562205395757268 1.1811698080578745 8.165194243987834
6.38478666039528 6.6296845048153035 1.2046941021118993 4.862781140374201
1.149288594140505 9.232872878174035 3.7892728669660336 7.491581983780857
6.476718290202952 8.832829809091713 3.965257950852452 0.6204037334701047
6.68483699959117 0.3992839777025585 9.524176605645142 7.209709787289544
5.364345222854602 2.171805327204476 7.715344400439724 7.1138842861084
5.27449079482455 7.592045832784391 0.7165159726437444 2.9713866191500298
2.23798900691047 5.485744951440894 6.388784859431625 2.7389964239413374
5.520040778762205 3.9116079786470177 6.2143383417661155 1.678901406547264
4.322864317980796 2.9010980731460956 6.8976168949733525 4.153541636770484
5.031409746776663 4.764112886137821 2.7336334851066657 8.719005373858149
5.633032399831114 2.2338766953870364 7.26657042885585 5.815498815282597
9.797302660636442 2.278967926797682 7.564543633119795 0.418185651108665
3.870831133243821 9.036107427716747 1.1221032913942124 1.8227317532228144
4.739808383162554 3.493472423833672 6.841414616487784 3.4528943060205535
1.5867804006293365 4.969421336385286 8.848940712329686 5.395313262577474
5.646724519877863 6.96103722276423 4.578536390240429 1.5584453406996195
0.3672044464892714 5.108958678450192 2.631730072941102 8.989512461293376
1.7059157457100027 2.243332525923227 6.848268626536771 4.931544657559494
5.352665418177533 3.5174555835005488 0.7327752387111008 7.205108273740651
4.5911929416566135 0.8248993932909556 8.166898089604661 5.559209437018541
2.811956044859708 7.061123151660693 4.593358700127191 3.0402555842395533
8.176305341773272 1.1451582872996005 4.705329626881361 5.858341162164775
7.78932756929177 1.0181167420158426 6.261550759410381 2.0095118147692435
9.027262264717663 4.712333251387424 5.911125524333009 4.374160255101547
8.095086485577069 3.555971523678389 1.9449766923894583 4.798300513356994
3.1269173359211804 5.8594759597465105 9.746783477206897 2.364715003714597
#
8.417476936119487 7.740537116511384 6.473815170890608 9.909396664113597
9.280255187565986 1.8757782495640631 8.248807164304612 4.919484166747305
8.66921896427386 5.556733754325363 4.3878912516724995 3.6387859931189532
6.660575955526571 6.524145598261185 8.595149845710292 4.898289368499138
0.2242114387392551 6.103900921706552 8.708740457067904 7.967566025587164
7.353994548577814 9.936275592373283 8.260874353514723 4.644122854525717
9.37498245805618 3.047016337652927 4.228176560201257 9.485045346393028
5.611244505239009 8.547086286660537 5.789536368925948 6.712390974690763
0.6729100890743798 8.072652571304388 3.663319248918751 7.496217450324031
6.651282451651357 9.135811047741633 9.49141220127731 1.551009247708369
4.36345873230916 0.22144315868416786 9.027351632778847 7.67060252759154
5.739585164000649 7.023245486284896 8.079837506643925 9.13475587258226
2.163830584826374 0.4030947276281873 8.937970015753054 9.392524213772855
7.878112491832141 8.602990698500767 7.185005851424068 3.964990512820657
5.111865075505773 9.25202084563254 0.4226212836505425 6.787189649286956
9.250917705241804 1.6290687097886267 6.475541515840576 5.153715778282777
5.016751015178568 8.605663253240209 7.718608686949269 5.878784886987131
9.748286435426746 8.100496147235505 0.5314076016380929 5.452188015496867
6.508832931532252 3.5777109159686855 9.093659818322319 4.306481062401198
8.514653561325897 3.5029835726257836 4.944606604961354 4.8689878952500845
5.8507064061241 8.0279434597534 6.308832164099168 9.04092841176105
9.694357193504544 2.2909818031222047 7.572125297557126 1.7874131340154937
7.304108094064079 2.2861867021853537 8.868285408923004 9.204099612555956
5.431690025814271 1.453884363361607 9.921971066801802 2.691826704550028
3.0629851961305796 9.694314792599602 7.6846119248854485 6.142678023337544
8.054702637438826 9.937140162844942 4.87038919732915 5.00656378228603
5.8272661025117305 2.631697461470425 8.39779195814575 9.704997755343793
6.344043774901434 3.446541458763308 6.772093719295714 9.092990794508484
8.995050392892455 5.954604200577504 1.9921942087454236 8.7190772928924
3.093082704591351 7.387211848547965 8.30521990525425 4.470574549147993
9.688038271581298 1.2335031739630504 9.887651928779123 2.8581539249066616
4.858918497457383 9.015780383177516 8.950923795323103 3.8208100492299555
5.616588254754102 1.1544944502423733 9.108107741702838 3.5818697405587576
9.669957361677652 8.434267452448669 8.880153040734621 3.027954333736085
4.515049597100599 3.028092065797674 8.496392714382706 5.846535415620668
2.7688912125115492 9.505998405314982 7.924186951707627 6.718046969586994
3.5878956963163553 3.3955564554653956 7.777439319046083 9.544593474640184
7.872650183439871 9.34622483663173 1.2601890196348977 6.567982067148662
6.485238834455432 8.945842912978456 6.109108960665555 4.910476548005938
8.956120196219096 3.9826830101508373 8.325662267807793 3.3994123561888494
9.521592107408585 3.475547670043434 0.8160734910671765 6.012553513902834
3.4372964894602296 9.186212345360829 7.150058965641088 5.327717313491208
9.997072985662864 4.01740857450464 8.7401252288814 1.0846427660981752
9.290354963261716 0.7268812155762872 6.269977267929347 4.0818111787857045
9.277701147908274 8.259042749672439 2.4081939842221773 3.957318772679967
9.73929947891489 7.556459545042939 2.3115811008870555 1.4366136830036091
5.981151081000257 6.960962493906488 7.974062996735811 6.894785247520726
7.840001717137639 2.818975193698186 7.181936150377601 5.75161101953164
9.164103407113371 0.11791690172811808 8.93167133885009 5.2803329341882685
9.867826823824512 5.452611303073962 2.547376599325187 0.4330164918869306
#
8.343941084713196 5.167501456923201 4.187810430777681 9.113583587497377
5.981209819910863 9.772175386483356 4.677349118731764 2.117290549414998
7.299462084343997 7.8601446456299495 3.329645812692969 3.2428101377777776
5.2258756229364955 6.194995055847102 6.704532038991929 5.990987413269697
5.010697661913162 7.865151776446764 3.0717440544445402 7.691708958158667
0.9953093102307307 1.6502759574680295 7.943197228594961 1.2077159785334288
6.46347316028864 1.3908977741237951 8.130815783883635 7.408859182814802
2.8243909774987004 8.615242526998102 4.571114408602266 7.069387043085738
6.248927485616628 1.478870222025753 4.282701809711917 2.7662220669016757
9.079228428874451 1.0415307337864137 3.605509175140296 1.6825833609869196
5.702215765498629 2.1414510944605456 5.263824691021308 4.42530182711205
7.971909182896351 4.137151205653127 0.272799936896841 9.235892249035158
7.449008056870431 0.1671473212347241 6.140744369195482 2.830935118645647
2.911596961333788 6.536709439332297 6.757713782579572 7.831765262405799
4.91183402006557 9.741375876239356 7.532781097940816 5.96865379517401
0.26254889404227644 9.919606813548507 2.113913406656103 8.77451642884978
5.494124813201866 4.564576122214686 5.027520356368627 9.066137205370733
4.909510531150622 6.76729028569937 7.04956254896232 6.158026655346161
2.938047081485401 7.56974787340028 7.030177320838016 7.704517991481004
9.60601354924869 6.679513866205121 3.1757690700529535 0.2869087982543057
2.7167793916228176 2.1933349277925056 7.6077720299264815 2.5535790691626206
7.03086438606979 2.6580297373021087 2.6898525280970733 9.987466994379059
9.285488484971106 7.792973265713773 3.220094395212385 4.93316010091993
1.443891095880859 9.681631034992549 5.010419397186586 8.935518734037299
7.154106054223167 6.777945887816125 3.426684532961036 8.796240310637803
9.31191598362334 0.13717213805931827 1.2686221988915047 0.3897121445601135
4.573610041272736 0.1204721077276556 4.7171090016530615 9.330855526258437
0.9180986545672862 4.590169398332986 7.932515554358837 7.561448846503964
5.463825294797734 7.4729786749051375 7.380278520339699 0.3267831693815024
8.541470106433023 1.1240429939176053 3.839289702821823 5.902295463847065
7.3053293738177345 7.799386456177893 4.688536079446444 2.6395054261874185
7.813284087498506 7.005515861943252 4.344427016399434 2.651440240210257
1.5458966459370904 0.213917019954863 9.86685135867839 2.644942766566514
1.4121053859968913 6.962735785267487 3.7801141816028654 9.868540777153928
7.370712408265264 8.35966779818052 0.7801871768734845 0.31007787207143256
4.457688606415802 5.572641266910974 6.16402260200447 8.356989116688954
9.599248651403293 5.010165471201801 1.1099280887888572 4.456667091512742
5.3424261954828225 0.5693048136120904 5.824925830721605 7.883245168051973
6.0640414479454146 7.309412109586273 4.777340336522865 1.3312396432462235
1.1547838090464428 9.443917379084489 7.8291030572213005 2.255772430497634
5.9018542293579905 1.4367551929985063 5.722977572021302 3.930549826305487
6.803683569038679 1.02148403771489 4.27932665388317 8.823840321664196
5.589116642749662 5.579379797594012 5.941357477892041 4.85352835012682
2.6241693312009255 4.240482243264672 0.5825958157965436 9.996745001582138
0.5686671680814275 4.339366443615725 7.634257714283713 8.893923377139476
5.772510004910293 5.063752806702105 3.5163134674696046 9.118720634041523
1.1401325687743098 7.950807521422582 8.966721397479233 0.4703553718794957
6.6357663481695965 8.617749590279477 2.005951189844857 3.377776798286423
8.12408341913812 3.91235389343052 6.170352887692943 1.1931565888326507
7.608332113725677 5.368052636277408 6.879167962732996 2.5533365737887412
#
8.268761306772651 1.887008477872472 0.2946645588019541 6.643659813118553
9.632770922100818 6.013813123890155 1.6817043103584326 2.1912905610728286
9.592912238962695 0.9794287802487212 2.913097792017063 6.9982981284261445
6.166060256496086 5.366385684864685 7.0477359908162 4.6621795178885055
2.386433431817319 6.1615901454146 2.447203752607387 2.8649065070121793
5.523970055294682 2.82681813022979 3.843185830813177 7.505907040195519
7.005867742201282 0.45878423983435646 5.623637659329371 2.8737740932786306
6.056367255259856 4.362378626016988 2.291882248977637 9.561902969286756
6.041434912777374 8.71836810635132 8.562981660993067 0.7890125328067246
4.779856384785346 1.7074844616366276 8.474899099819572 7.4955577111443406
9.074727631016804 7.119210678797497 0.12332287304413558 6.085118413398768
6.846081136305836 7.1712482687135335 4.202773646743217 2.4538252411186283
4.5583403217392835 7.4034206830089495 5.981140376471714 2.423069549368943
1.4058941732058052 1.7888127465124266 9.972164352196772 3.4166529882621606
0.2869691299360637 1.5603666468314743 7.779305166315591 8.114524639343035
2.357635449433614 4.86664513633974 7.604807802139504 0.8613033212282
2.385958456396115 2.8965064366223534 8.694528033315327 0.11107865112393078
0.6281331913960475 5.9278456752136925 6.463547255264955 8.75907646720509
1.5968498053371087 5.978561396461111 1.5789433534324497 3.02744555514712
7.59908432998906 6.861525860128814 4.028740007169251 1.4023917455115331
1.1431819395146285 2.653572633467515 4.350788221671429 9.736076650555729
8.943730407462859 4.9350422447046824 4.31679203355843 5.025620613730424
0.6959314616038297 0.5130173967832272 9.068329079756126 6.249771483754686
1.4582458940120984 3.999131424131135 8.587356204408536 2.0747947512717904
2.363577092046285 4.678145702539045 4.863666446836122 7.687901499806415
9.892938096505343 5.57792274391463 2.3477689674584585 2.720379356381106
1.2418173310327845 7.843749678226596 0.8842417728468401 2.552588718175559
1.3385238882127504 8.325038436282203 0.31692000664000375 7.246003346097656
8.209244957882735 5.650763146719141 0.1518211240185936 6.677645905229181
6.21480200643763 2.998049188695859 8.469911483330632 7.04863783582082
0.7049680060835009 9.522573588665708 8.823603681049683 7.449579668091513
0.8493185988392948 7.640897027540696 4.99834919070088 6.955243073987132
9.834800103186815 7.319661956133707 0.2680636901217657 4.603424393747333
7.4174558781244455 2.3202096470096634 3.991200850610901 8.015494849105714
8.338339031973932 0.37599566041631505 9.459760302610174 3.7817138378582227
0.8612367267979391 9.27730903807732 4.605775616703503 8.957145659627194
2.5357828342555515 5.4012004420978945 4.267299406118062 6.247405208995893
0.9707495120867966 2.9049195114651036 9.147946799871965 0.46342774860407854
0.636619678928195 6.683519305319879 9.184068987107386 3.6736175539725497
5.726891128294377 5.330371577870187 2.270874962075817 6.442598979266499
6.094390307679863 3.09318215021472 8.15991290528558 0.5511231626619404
7.583290922975468 0.9108680083092455 8.032481195610593 0.709868471943742
9.352406669594908 3.449052629596333 0.30361378438622033 3.9604034517683093
8.40422310243692 3.824280543130422 7.938574368224613 0.9670590451958256
1.9008989958909566 9.010239226850736 7.0858439787374445 0.4763481629608073
7.206428570383328 2.3575837523694108 1.9464474655679536 5.073705856135047
0.9443552956670418 7.668364677209958 8.563695100302272 5.949984085489992
1.2944018223193474 7.175870748755026 1.8911043661043752 5.140189230369914
3.531091481722214 4.176241762802526 3.9074548797350035 6.336686935528807
7.544230160558184 2.354160011258013 9.052207389008768 1.532067047381323
#
2.901767138450352 6.217301702864305 3.2116430754218346 9.723113095381557
3.2219497615406167 1.681439571509007 1.8520427900138405 8.49811997212193
9.704001542682295 5.338829559178285 2.083612821026149 2.870948337465745
4.0796983021613435 1.6488176936513783 5.8496929173124235 6.9074830081447685
8.290623026653337 1.0624702276458193 9.494227803462238 9.586502794161557
5.646975043648149 3.0957259140782347 2.6425795067782927 5.480276424095565
1.3633280050040515 2.3007554595011177 0.832349394793237 9.895682079309058
8.779410300038151 9.080708343775642 1.74913462968523 7.612727484424302
2.869877854646155 4.542931664617018 7.5829746438034284 6.653192202701045
1.6081986155729266 9.694332031869408 2.5467639356378378 3.2811451935514677
9.380683841167642 5.85897269246843 2.7688175070841834 1.6209038882681406
9.933883305425729 8.426626136311477 7.4474464242806295 0.9389191700352626
9.120099065678684 9.627380933816866 9.2845977063837 0.39224169103946505
2.6640931681297 5.458608091065802 9.924437833664575 8.832371224691713
4.853141933703595 3.8113609608871304 2.5348450608516213 7.452885970567094
8.982849307179649 1.7514172459257336 4.735057162955649 6.290661600311441
9.25777016170504 2.789835081305316 4.259178958602524 4.946082433056105
5.6565670226948725 5.3919149689241115 3.7395539507711195 4.0883132786113565
9.278038946778523 2.302456760372141 1.1695913252931995 9.647897534258174
2.5533459875041955 6.40306745040069 7.502978127671634 0.9874958618631338
1.2766538937871 6.68731436495141 1.9059681410565896 7.122221887570857
0.8871971101586693 9.319854562489748 3.7593530043515733 4.507201202273649
5.2383384071729004 2.7053845708154567 6.684766350624796 1.7426947677956646
4.9457253918507424 3.232141643665298 8.720002732116264 6.704274696962506
3.769924837308918 1.6505310313544537 4.8090149949907826 9.489196857143938
6.683843446926643 3.6414965461686943 5.9415069033372 2.311440950855948
3.5825485630269505 7.50121927497704 3.821519085944518 3.8295774614856524
8.207004555840278 4.164440077709602 2.693484378243676 1.7589639777338508
0.4582770978119868 9.451523815608006 9.277664802299736 8.37762217843617
4.886084071508628 5.6176789134432745 8.722136725059743 1.7654310458142843
3.51292581380413 5.729643888627096 8.883599205113388 5.088057729191625
2.2996342523371878 6.470507356319695 6.3597824168647135 4.9523308397043335
0.8800149662024372 8.046237856311778 9.748309610131734 7.3962261288068785
4.141567854022506 5.6829964160763184 9.141429931761564 3.650119191431468
5.971275708549953 4.428061829828206 6.2390378911721145 3.331295215962756
1.5324249575804973 5.76953533767246 4.536396211103162 9.729050452955779
9.312310117264817 4.807117430599666 2.601332786970616 5.27423438402457
6.631802466321225 5.394989948474101 1.6757198865119642 8.255336799939474
9.81023704343481 1.8503984877607778 9.955635147147262 3.5479589604767874
2.3593451820801348 8.727400674665674 2.346066818338834 0.8899183700419764
1.5298804975999238 6.89043743636935 4.800917422527195 6.300806236372051
3.966373808057134 4.799840955866929 2.5529011802288935 5.330246929121261
1.3842538900054646 8.14924325635639 5.240474988657626 6.641522749883943
2.5627100066544277 7.666226977788896 1.939391256563689 2.1530037840136798
9.887869098861206 5.378463666194226 4.601163562282725 1.0272405754256155
5.144681656382671 2.496538698008875 8.70374156901467 2.681704602397909
2.355117458036429 5.912268124418861 4.844627539253474 1.0238019599983934
2.259334892525648 2.7085824634317732 7.6746317407173645 9.067024404256843
8.739368524283488 6.571116689178421 2.369456660379529 5.015812243699518
5.12514107198807 4.015847119401639 5.76196170393656 5.601209184911849
#
